1.000000000000000021e-02 1.212053598190000053e-02 0.000000000000000000e+00 -1.000000000000000000e+00 0.000000000000000000e+00 0.000000000000000000e+00
1.212053598190000053e-02 1.469073924900000071e-02 0.000000000000000000e+00 -1.000000000000000000e+00 0.000000000000000000e+00 0.000000000000000000e+00
1.469073924900000071e-02 1.780596336680000114e-02 0.000000000000000000e+00 -1.000000000000000000e+00 0.000000000000000000e+00 0.000000000000000000e+00
1.780596336680000114e-02 2.158178196810000074e-02 0.000000000000000000e+00 -1.000000000000000000e+00 0.000000000000000000e+00 0.000000000000000000e+00
2.158178196810000074e-02 2.615827648980000031e-02 0.000000000000000000e+00 -1.000000000000000000e+00 0.000000000000000000e+00 0.000000000000000000e+00
2.615827648980000031e-02 3.170523314209999777e-02 0.000000000000000000e+00 -1.000000000000000000e+00 0.000000000000000000e+00 0.000000000000000000e+00
3.170523314209999777e-02 3.842844191139999782e-02 0.000000000000000000e+00 -1.000000000000000000e+00 0.000000000000000000e+00 0.000000000000000000e+00
3.842844191139999782e-02 4.657733129169999708e-02 0.000000000000000000e+00 -1.000000000000000000e+00 0.000000000000000000e+00 0.000000000000000000e+00
4.657733129169999708e-02 5.645422198640000222e-02 0.000000000000000000e+00 -1.000000000000000000e+00 0.000000000000000000e+00 0.000000000000000000e+00
5.645422198640000222e-02 6.842554289190000416e-02 0.000000000000000000e+00 -1.000000000000000000e+00 0.000000000000000000e+00 0.000000000000000000e+00
6.842554289190000416e-02 8.293542547049999325e-02 0.000000000000000000e+00 -1.000000000000000000e+00 0.000000000000000000e+00 0.000000000000000000e+00
8.293542547049999325e-02 1.005221808589999988e-01 0.000000000000000000e+00 -1.000000000000000000e+00 0.000000000000000000e+00 0.000000000000000000e+00
1.005221808589999988e-01 1.218382710089999932e-01 0.000000000000000000e+00 -1.000000000000000000e+00 0.000000000000000000e+00 0.000000000000000000e+00
1.218382710089999932e-01 1.476745147740000097e-01 0.000000000000000000e+00 -1.000000000000000000e+00 0.000000000000000000e+00 0.000000000000000000e+00
1.476745147740000097e-01 1.789894269929999948e-01 0.000000000000000000e+00 -1.000000000000000000e+00 0.000000000000000000e+00 0.000000000000000000e+00
1.789894269929999948e-01 2.169447790260000120e-01 0.000000000000000000e+00 -1.000000000000000000e+00 0.000000000000000000e+00 0.000000000000000000e+00
2.169447790260000120e-01 2.629487000280000264e-01 0.000000000000000000e+00 -1.000000000000000000e+00 0.000000000000000000e+00 0.000000000000000000e+00
2.629487000280000264e-01 3.187079180090000019e-01 0.000000000000000000e+00 -1.000000000000000000e+00 0.000000000000000000e+00 0.000000000000000000e+00
3.187079180090000019e-01 3.862910787959999981e-01 0.000000000000000000e+00 -1.000000000000000000e+00 0.000000000000000000e+00 0.000000000000000000e+00
3.862910787959999981e-01 4.682054920050000013e-01 0.000000000000000000e+00 -1.000000000000000000e+00 0.000000000000000000e+00 0.000000000000000000e+00
4.682054920050000013e-01 5.674901512779999546e-01 0.000000000000000000e+00 -1.000000000000000000e+00 0.000000000000000000e+00 0.000000000000000000e+00
5.674901512779999546e-01 6.878284797970000142e-01 0.000000000000000000e+00 -1.000000000000000000e+00 0.000000000000000000e+00 0.000000000000000000e+00
6.878284797970000142e-01 8.336849838780000521e-01 0.000000000000000000e+00 -1.000000000000000000e+00 0.000000000000000000e+00 0.000000000000000000e+00
8.336849838780000521e-01 1.010470884470000108e+00 0.000000000000000000e+00 -1.000000000000000000e+00 0.000000000000000000e+00 0.000000000000000000e+00
1.010470884470000108e+00 1.224744871389999989e+00 0.000000000000000000e+00 -1.000000000000000000e+00 0.000000000000000000e+00 0.000000000000000000e+00
1.224744871389999989e+00 1.484456428239999903e+00 0.000000000000000000e+00 1.246009836290417461e+01 6.000000000000000000e+00 0.000000000000000000e+00
1.484456428239999903e+00 1.799240755210000042e+00 0.000000000000000000e+00 4.939546989852915004e+01 4.000000000000000000e+01 0.000000000000000000e+00
1.799240755210000042e+00 2.180776231369999874e+00 0.000000000000000000e+00 3.720848272080874608e+01 5.400000000000000000e+01 0.000000000000000000e+00
2.180776231369999874e+00 2.643217678090000078e+00 0.000000000000000000e+00 2.602150097526624961e+01 6.800000000000000000e+01 0.000000000000000000e+00
2.643217678090000078e+00 3.203721497540000129e+00 0.000000000000000000e+00 1.551455215062239645e+01 7.400000000000000000e+01 0.000000000000000000e+00
3.203721497540000129e+00 3.883082168700000114e+00 0.000000000000000000e+00 1.128275194554147376e+01 9.800000000000000000e+01 0.000000000000000000e+00
3.883082168700000114e+00 4.706503714660000171e+00 0.000000000000000000e+00 7.165111490649158199e+00 1.160000000000000000e+02 0.000000000000000000e+00
4.706503714660000171e+00 5.704534762259999781e+00 0.000000000000000000e+00 6.827153387257296480e+00 1.980000000000000000e+02 0.000000000000000000e+00
5.704534762259999781e+00 6.914201884619999738e+00 0.000000000000000000e+00 4.772268533693968529e+00 2.600000000000000000e+02 0.000000000000000000e+00
6.914201884619999738e+00 8.380383272899999625e+00 0.000000000000000000e+00 3.413782875435574127e+00 3.540000000000000000e+02 0.000000000000000000e+00
8.380383272899999625e+00 1.015747370020000062e+01 0.000000000000000000e+00 2.543176155571790886e+00 5.060000000000000000e+02 0.000000000000000000e+00
1.015747370020000062e+01 1.231140254680000012e+01 0.000000000000000000e+00 1.564037354706306004e+00 6.520000000000000000e+02 0.000000000000000000e+00
1.231140254680000012e+01 1.492207975570000045e+01 0.000000000000000000e+00 1.115810586421177142e+00 9.580000000000000000e+02 0.000000000000000000e+00
1.492207975570000045e+01 1.808636046049999990e+01 0.000000000000000000e+00 8.183595904448732750e-01 1.466000000000000000e+03 0.000000000000000000e+00
1.808636046049999990e+01 2.192163827430000111e+01 0.000000000000000000e+00 6.174934885627922920e-01 2.322000000000000000e+03 0.000000000000000000e+00
2.192163827430000111e+01 2.657020054870000081e+01 0.000000000000000000e+00 3.129155806857919497e-01 3.356000000000000000e+03 0.000000000000000000e+00
2.657020054870000081e+01 3.220450717979999666e+01 0.000000000000000000e+00 2.483909277584426256e-01 5.682000000000000000e+03 0.000000000000000000e+00
3.220450717979999666e+01 3.903358880529999908e+01 0.000000000000000000e+00 1.277948179284840169e-01 9.140000000000000000e+03 0.000000000000000000e+00
3.903358880529999908e+01 4.731080176190000230e+01 0.000000000000000000e+00 6.302574599454957571e-02 1.534000000000000000e+04 0.000000000000000000e+00
4.731080176190000230e+01 5.734322750900000187e+01 0.000000000000000000e+00 4.363093742080459414e-02 2.681600000000000000e+04 0.000000000000000000e+00
5.734322750900000187e+01 6.950306523429999572e+01 0.000000000000000000e+00 1.883497266224765099e-02 4.661400000000000000e+04 0.000000000000000000e+00
6.950306523429999572e+01 8.424144030280000095e+01 0.000000000000000000e+00 4.366197122543047371e-03 8.182200000000000000e+04 0.000000000000000000e+00
8.424144030280000095e+01 1.021051408360000039e+02 0.000000000000000000e+00 1.738194767872491830e-02 1.475800000000000000e+05 0.000000000000000000e+00
1.021051408360000039e+02 1.237569033439999941e+02 0.000000000000000000e+00 7.453575227586606289e-03 2.602160000000000000e+05 0.000000000000000000e+00
1.237569033439999941e+02 1.500000000000000000e+02 0.000000000000000000e+00 -3.956564379827054445e-03 4.580920000000000000e+05 0.000000000000000000e+00
