# k_h
9.999999999999997430e-06
1.019317168921038370e-05
1.039007490857202833e-05
1.059078174068315974e-05
1.079536566057380676e-05
1.100390156260349081e-05
1.121646578787880322e-05
1.143313615220030860e-05
1.165399197454959610e-05
1.187911410612642098e-05
1.210858495994675812e-05
1.234248854101281966e-05
1.258091047706554669e-05
1.282393804993150967e-05
1.307166022747497157e-05
1.332416769616752784e-05
1.358155289428666657e-05
1.384391004575562416e-05
1.411133519463717405e-05
1.438392624029337827e-05
1.466178297322488463e-05
1.494500711160230408e-05
1.523370233850324954e-05
1.552797433986896814e-05
1.582793084319376712e-05
1.613368165696229016e-05
1.644533871084809167e-05
1.676301609668924024e-05
1.708683011025510662e-05
1.741689929381999474e-05
1.775334447955946528e-05
1.809628883378450360e-05
1.844585790203065565e-05
1.880217965501765952e-05
1.916538453549735047e-05
1.953560550600624777e-05
1.991297809754054364e-05
2.029764045917171537e-05
2.068973340862004373e-05
2.108940048380565137e-05
2.149678799539475751e-05
2.191204508036155227e-05
2.233532375658435240e-05
2.276677897849637745e-05
2.320656869381198666e-05
2.365485390134803805e-05
2.411179870996287019e-05
2.457757039863334722e-05
2.505233947769246446e-05
2.553627975125030301e-05
2.602956838082010223e-05
2.653238595017417658e-05
2.704491653145188273e-05
2.756734775254537985e-05
2.809987086578631400e-05
2.864268081796008091e-05
2.919597632167205843e-05
2.975995992809244263e-05
3.033483810110679954e-05
3.092082129289824139e-05
3.151812402099040273e-05
3.212696494677817906e-05
3.274756695557537949e-05
3.338015723820931228e-05
3.402496737419063148e-05
3.468223341649069618e-05
3.535219597795600057e-05
3.603510031939184162e-05
3.673119643934817061e-05
3.744073916563891459e-05
3.816398824863017361e-05
3.890120845632950142e-05
3.965266967131302403e-05
4.041864698952392512e-05
4.119942082098038762e-05
4.199527699242829590e-05
4.280650685197684202e-05
4.363340737575614872e-05
4.447628127663412440e-05
4.533543711503449514e-05
4.621118941189482132e-05
4.710385876380651193e-05
4.801377196037979100e-05
4.894126210387467375e-05
4.988666873114413938e-05
5.085033793793154722e-05
5.183262250557056362e-05
5.283388203013109633e-05
5.385448305406136723e-05
5.489479920037197838e-05
5.595521130941206149e-05
5.703610757828848872e-05
5.813788370297681858e-05
5.926094302317891908e-05
6.040569666997782554e-05
6.157256371634480246e-05
6.276197133055496052e-05
6.397435493256468366e-05
6.521015835341151354e-05
6.646983399769215857e-05
6.775384300917897010e-05
6.906265543963694266e-05
7.039675042089989384e-05
7.175661634027274592e-05
7.314275101931996066e-05
7.455566189610976014e-05
7.599586621097675974e-05
7.746389119587485540e-05
7.896027426738666392e-05
8.048556322346130424e-05
8.204031644395398779e-05
8.362510309503732187e-05
8.524050333756341875e-05
8.688710853944964154e-05
8.856552149216682208e-05
9.027635663141103553e-05
9.202024026203593711e-05
9.379781078733224814e-05
9.560971894273493396e-05
9.745662803404494558e-05
9.933921418025341301e-05
1.012581665610566122e-04
1.032141876691513964e-04
1.052079935674041700e-04
1.072403141509894526e-04
1.093118934145893633e-04
1.114234897247575660e-04
1.135758760975425174e-04
1.157698404814737071e-04
1.180061860460162340e-04
1.202857314755946452e-04
1.226093112692994028e-04
1.249777760463808771e-04
1.273919928576445701e-04
1.298528455028636480e-04
1.323612348543200213e-04
1.349180791865984251e-04
1.375243145127479918e-04
1.401808949269410412e-04
1.428887929537471296e-04
1.456489999041579925e-04
1.484625262384872235e-04
1.513304019362802144e-04
1.542536768733722679e-04
1.572334212062265310e-04
1.602707257637000149e-04
1.633667024463751497e-04
1.665224846336048423e-04
1.697392275984235561e-04
1.730181089304689093e-04
1.763603289670774544e-04
1.797671112327047438e-04
1.832397028868343737e-04
1.867793751805402896e-04
1.903874239218688322e-04
1.940651699502093073e-04
1.978139596198275822e-04
2.016351652927436612e-04
2.055301858411251415e-04
2.095004471593906207e-04
2.135474026862020853e-04
2.176725339365404878e-04
2.218773510440635725e-04
2.261633933139343283e-04
2.305322297863349060e-04
2.349854598108616415e-04
2.395247136320159947e-04
2.441516529860094623e-04
2.488679717090910132e-04
2.536753963576322888e-04
2.585756868401841032e-04
2.635706370617499502e-04
2.686620755804975595e-04
2.738518662771628818e-04
2.791419090373810168e-04
2.845341404471972988e-04
2.900305345020188575e-04
2.956331033292534721e-04
3.013438979249155516e-04
3.071650089044559257e-04
3.130985672680956051e-04
3.191467451809491969e-04
3.253117567682092446e-04
3.315958589257005963e-04
3.380013521460858289e-04
3.445305813610315365e-04
3.511859367996465428e-04
3.579698548634985397e-04
3.648848190185370708e-04
3.719333607042407458e-04
3.791180602603344942e-04
3.864415478714002200e-04
3.939065045297400545e-04
4.015156630168372539e-04
4.092718089037763237e-04
4.171777815709904022e-04
4.252364752477013872e-04
4.334508400714486486e-04
4.418238831680753351e-04
4.503586697525822653e-04
4.590583242512480118e-04
4.679260314454182826e-04
4.769650376374011012e-04
4.861786518388727337e-04
4.955702469822475609e-04
5.051432611554449240e-04
5.149011988605089064e-04
5.248476322965436262e-04
5.349862026674230900e-04
5.453206215147752634e-04
5.558546720767023903e-04
5.665922106727571111e-04
5.775371681156680169e-04
5.886935511503372251e-04
6.000654439206342967e-04
6.116570094645278370e-04
6.234724912380920029e-04
6.355162146689595070e-04
6.477925887397794832e-04
6.603061076022632980e-04
6.730613522224097390e-04
6.860629920575133734e-04
6.993157867655621458e-04
7.128245879476621588e-04
7.265943409241174987e-04
7.406300865448200727e-04
7.549369630346104958e-04
7.695202078742860267e-04
7.843851597179470579e-04
7.995372603473752896e-04
8.149820566641706541e-04
8.307252027203686348e-04
8.467724617882828276e-04
8.631297084703315773e-04
8.798029308496198818e-04
8.967982326820675984e-04
9.141218356308768297e-04
9.317800815441692032e-04
9.497794347766179077e-04
9.681264845559273179e-04
9.868279473950255110e-04
1.005890669550857852e-03
1.025321629530669392e-03
1.045127940646708824e-03
1.065316853620279459e-03
1.085895759236092748e-03
1.106872191047896968e-03
1.128253828136369227e-03
1.150048497920289070e-03
1.172264179022003069e-03
1.194909004188254853e-03
1.217991263267430508e-03
1.241519406244317872e-03
1.265502046333486907e-03
1.289947963132432153e-03
1.314866105835612231e-03
1.340265596510588093e-03
1.366155733437440963e-03
1.392545994512698780e-03
1.419446040719017556e-03
1.446865719661886377e-03
1.474815069174656434e-03
1.503304320993197963e-03
1.532343904501552029e-03
1.561944450549933956e-03
1.592116795346487212e-03
1.622871984424218046e-03
1.654221276684563272e-03
1.686176148519056813e-03
1.718748298010627220e-03
1.751949649216047716e-03
1.785792356531109995e-03
1.820288809140122727e-03
1.855451635551358868e-03
1.891293708220123443e-03
1.927828148261110991e-03
1.965068330251805873e-03
2.003027887128664905e-03
2.041720715177882100e-03
2.081160979122557205e-03
2.121363117308143909e-03
2.162341846988048190e-03
2.204112169711348965e-03
2.246689376814582206e-03
2.290089055019614225e-03
2.334327092139652001e-03
2.379419682895470879e-03
2.425383334844008996e-03
2.472234874421464727e-03
2.519991453103149256e-03
2.568670553682318638e-03
2.618289996670300317e-03
2.668867946820248620e-03
2.720422919776920544e-03
2.772973788854919078e-03
2.826539791947844417e-03
2.881140538570941233e-03
2.936796017039770834e-03
2.993526601787564051e-03
3.051353060823917222e-03
3.110296563337583853e-03
3.170378687446104987e-03
3.231621428095164845e-03
3.294047205110530157e-03
3.357678871405528689e-03
3.422539721347074571e-03
3.488653499283300447e-03
3.556044408235931563e-03
3.624737118760543338e-03
3.694756777978002761e-03
3.766129018780359650e-03
3.838879969214568748e-03
3.913036262047478279e-03
3.988625044515602992e-03
4.065673988263199257e-03
4.144211299472355843e-03
4.224265729188744593e-03
4.305866583846841740e-03
4.389043735998470960e-03
4.473827635248579966e-03
4.560249319402291668e-03
4.648340425827241461e-03
4.738133203035442900e-03
4.829660522488864183e-03
4.922955890633058315e-03
5.018053461163239290e-03
5.114988047527336233e-03
5.213795135670520192e-03
5.314510897025961911e-03
5.417172201756518223e-03
5.521816632252208625e-03
5.628482496888430331e-03
5.737208844049932963e-03
5.848035476425727554e-03
5.961002965580075065e-03
6.076152666805003169e-03
6.193526734259700330e-03
6.313168136402369512e-03
6.435120671720178515e-03
6.559428984763064456e-03
6.686138582487295701e-03
6.815295850914683193e-03
6.946948072113661929e-03
7.081143441508371342e-03
7.217931085522100165e-03
7.357361079561546349e-03
7.499484466348518667e-03
7.644353274605684978e-03
7.792020538103344197e-03
7.942540315074096691e-03
8.095967708002549737e-03
8.252358883797316150e-03
8.411771094352663014e-03
8.574262697507391284e-03
8.739893178408508767e-03
8.908723171287666678e-03
9.080814481658209397e-03
9.256230108941023577e-03
9.435034269527442161e-03
9.617292420287699983e-03
9.803071282533430686e-03
9.992438866443121431e-03
1.018546449595936383e-02
1.038221883416706216e-02
1.058277390916186576e-02
1.078720314041830587e-02
1.099558136566733402e-02
1.120798486829296427e-02
1.142449140525823512e-02
1.164518023557057323e-02
1.187013214929704026e-02
1.209942949714006184e-02
1.233315622058452597e-02
1.257139788262712742e-02
1.281424169909943338e-02
1.306177657059596695e-02
1.331409311501904544e-02
1.357128370075231724e-02
1.383344248047508815e-02
1.410066542562990986e-02
1.437305036155586517e-02
1.465069700330064867e-02
1.493370699212437543e-02
1.522218393270855126e-02
1.551623343108381528e-02
1.581596313329032902e-02
1.612148276478503339e-02
1.643290417061001041e-02
1.675034135633694105e-02
1.707391052980237675e-02
1.740373014364928264e-02
1.773992093869032963e-02
1.808260598810889838e-02
1.843191074251379624e-02
1.878796307586446182e-02
1.915089333228318924e-02
1.952083437377171229e-02
1.989792162884949575e-02
2.028229314213157025e-02
2.067408962486416701e-02
2.107345450643637735e-02
2.148053398688705082e-02
2.189547709042588206e-02
2.231843571998838940e-02
2.274956471284474840e-02
2.318902189728289098e-02
2.363696815038638863e-02
2.409356745692863358e-02
2.455898696940458578e-02
2.503339706922218244e-02
2.551697142907580207e-02
2.600988707652457724e-02
2.651232445879896787e-02
2.702446750885899307e-02
2.754650371272876833e-02
2.807862417813159275e-02
2.862102370445094440e-02
2.917390085404287722e-02
2.973745802492608337e-02
3.031190152487592965e-02
3.089744164694984557e-02
3.149429274647191218e-02
3.210267331950420605e-02
3.272280608283398978e-02
3.335491805550654110e-02
3.399924064193216716e-02
3.465600971659947571e-02
3.532546571042417816e-02
3.600785369876680075e-02
3.670342349114999458e-02
3.741242972270895223e-02
3.813513194740907747e-02
3.887179473306327793e-02
3.962268775818587191e-02
4.038808591071631898e-02
4.116826938865104230e-02
4.196352380261851589e-02
4.277414028043572541e-02
4.360041557368517923e-02
4.444265216634954441e-02
4.530115838554588104e-02
4.617624851439827705e-02
4.706824290709076680e-02
4.797746810614360313e-02
4.890425696195372512e-02
4.984894875464575270e-02
5.081188931827543970e-02
5.179343116743368586e-02
5.279393362629528769e-02
5.381376296016053551e-02
5.485329250953878411e-02
5.591290282682068874e-02
5.699298181559210585e-02
5.809392487263757843e-02
5.921613503268845224e-02
6.036002311596603415e-02
6.152600787857494258e-02
6.271451616580264732e-02
6.392598306837865563e-02
6.516085208175410870e-02
6.641957526845615467e-02
6.770261342358056822e-02
6.901043624347977246e-02
7.034352249770964294e-02
7.170236020429890389e-02
7.308744680840251196e-02
7.449928936440797234e-02
7.593840472155757859e-02
7.740531971315811610e-02
7.890057134944432338e-02
8.042470701416799816e-02
8.197828466498587041e-02
8.356187303771639430e-02
8.517605185454435457e-02
8.682141203624588188e-02
8.849855591851314707e-02
9.020809747245921162e-02
9.195066252938022267e-02
9.372688900986184124e-02
9.553742715730878521e-02
9.738293977598794227e-02
9.926410247366820871e-02
1.011816039089473429e-01
1.031361460433582872e-01
1.051284443983427491e-01
1.071592283171917404e-01
1.092292412320430839e-01
1.113392409360393354e-01
1.134899998607412364e-01
1.156823053588998257e-01
1.179169599926930823e-01
1.201947818275272833e-01
1.225166047315172368e-01
1.248832786807480694e-01
1.272956700704372113e-01
1.297546620321048949e-01
1.322611547568713353e-01
1.348160658250016908e-01
1.374203305418131293e-01
1.400749022800742982e-01
1.427807528290167272e-01
1.455388727500878943e-01
1.483502717395791537e-01
1.512159789982545910e-01
1.541370436081243855e-01
1.571145349164920213e-01
1.601495429274243099e-01
1.632431787007807833e-01
1.663965747589510880e-01
1.696108855014522576e-01
1.728872876275307779e-01
1.762269805669322842e-01
1.796311869189883004e-01
1.831011529001890792e-01
1.866381488003992783e-01
1.902434694478865318e-01
1.939184346833361661e-01
1.976643898430175683e-01
2.014827062512895284e-01
2.053747817226136974e-01
2.093420410732708681e-01
2.133859366429586291e-01
2.175079488264647087e-01
2.217095866156145456e-01
2.259923881516820166e-01
2.303579212884774019e-01
2.348077841663062382e-01
2.393436057970215469e-01
2.439670466603735266e-01
2.486797993118788908e-01
2.534835890024368932e-01
2.583801743099081172e-01
2.633713477829000005e-01
2.684589365969843877e-01
2.736448032235906935e-01
2.789308461118256699e-01
2.843190003834560886e-01
2.898112385413246228e-01
2.954095711914428435e-01
3.011160477790395529e-01
3.069327573388233033e-01
3.128618292597375450e-01
3.189054340644936203e-01
3.250657842041545509e-01
3.313451348680767072e-01
3.377457848094876924e-01
3.442700771870212950e-01
3.509204004225026652e-01
3.576991890753026260e-01
3.646089247335894679e-01
3.716521369227864802e-01
3.788314040315896025e-01
3.861493542558620540e-01
3.936086665607725354e-01
4.012120716615124594e-01
4.089623530229577475e-01
4.168623478786483982e-01
4.249149482694410396e-01
4.331231021022362015e-01
4.414898142291501237e-01
4.500181475475326098e-01
4.587112241212419894e-01
4.675722263235684295e-01
4.766043980022477977e-01
4.858110456669671451e-01
4.951955396998223291e-01
5.047613155891496062e-01
5.145118751871908813e-01
5.244507879920631277e-01
5.345816924544776194e-01
5.449082973097164606e-01
5.554343829353238782e-01
5.661638027350383018e-01
5.771004845494497326e-01
5.882484320939046496e-01
5.996117264241997979e-01
6.111945274305716769e-01
6.230010753605635943e-01
6.350356923712923152e-01
6.473027841117172665e-01
6.598068413354630790e-01
6.725524415447970972e-01
6.855442506663761426e-01
6.987870247593453987e-01
7.122856117564529965e-01
7.260449532387777127e-01
7.400700862447587847e-01
7.543661451141577823e-01
7.689383633676406538e-01
7.837920756226818275e-01
7.989327195464566156e-01
8.143658378464803116e-01
8.300970802996854303e-01
8.461322058206953711e-01
8.624770845700663324e-01
8.791377001032312233e-01
8.961201515609803492e-01
9.134306559022306038e-01
9.310755501799490297e-01
9.490612938610258897e-01
9.673944711909587824e-01
9.860817936042350906e-01
1.005130102181248875e+00
1.024546370152706665e+00
1.044337705452383469e+00
1.064511353319217202e+00
1.085074698949649807e+00
1.106035270201205289e+00
1.127400740348310615e+00
1.149178930891322947e+00
1.171377814419851227e+00
1.194005517531356642e+00
1.217070323806161980e+00
1.240580676839911023e+00
1.264545183334603973e+00
1.288972616249366654e+00
1.313871918012048834e+00
1.339252203792898888e+00
1.365122764841439684e+00
1.391493071887837107e+00
1.418372778609951812e+00
1.445771725167363186e+00
1.473699941803685354e+00
1.502167652518431984e+00
1.531185278809850558e+00
1.560763443490030822e+00
1.590912974573709615e+00
1.621644909242224930e+00
1.652970497883999412e+00
1.684901208213120949e+00
1.717448729467435875e+00
1.750624976687781498e+00
1.784442095079851853e+00
1.818912464460321399e+00
1.854048703788887531e+00
1.889863675787810227e+00
1.926370491650741812e+00
1.963582515842463350e+00
2.001513370991390151e+00
2.040176942876552157e+00
2.079587385510906383e+00
2.119759126322885656e+00
2.160706871437978016e+00
2.202445611062398445e+00
2.244990624970690796e+00
2.288357488099397763e+00
2.332562076248741789e+00
2.377620571894447199e+00
2.423549470111872939e+00
2.470365584614517829e+00
2.518086053909236899e+00
2.566728347570317759e+00
2.616310272634752021e+00
2.666849980121090979e+00
2.718365971674158388e+00
2.770877106338196505e+00
2.824402607460770209e+00
2.878962069730111928e+00
2.934575466348356532e+00
2.991263156343343610e+00
3.049045892021712501e+00
3.107944826565895102e+00
3.167981521777941900e+00
3.229177955972855507e+00
3.291556532024477733e+00
3.355140085566748365e+00
3.419951893353389227e+00
3.486015681779128794e+00
3.553355635565445869e+00
3.621996406614194974e+00
3.691963123032156346e+00
3.763281398330013516e+00
3.835977340798963908e+00
3.910077563068453887e+00
3.985609191848617616e+00
4.062599877860801456e+00
4.141077805960036606e+00
4.221071705452930978e+00
4.302610860614982435e+00
4.385725121410985139e+00
4.470444914422523119e+00
4.556801253986630051e+00
4.644825753549490344e+00
4.734550637239595794e+00
4.826008751664373264e+00
4.919233577934684298e+00
5.014259243921703302e+00
5.111120536750417997e+00
5.209852915534624707e+00
5.310492524357773192e+00
5.413076205504705030e+00
5.517641512948904037e+00
5.624226726100273410e+00
5.732870863818582130e+00
5.843613698697466496e+00
5.956495771624511271e+00
6.071558406622434845e+00
6.188843725977112520e+00
6.308394665657734102e+00
6.430254991034822787e+00
6.554469312902006628e+00
6.681083103807098134e+00
6.810142714698849353e+00
6.941695391895067679e+00
7.075789294378700411e+00
7.212473511427902828e+00
7.351798080586672945e+00
7.493814005982746274e+00
7.638573276999160555e+00
7.786128887306684732e+00
7.936534854263780581e+00
8.089846238691304592e+00
8.246119165029348608e+00
8.405410841883234951e+00
8.567779582966638330e+00
8.733284828449029646e+00
8.901987166715723987e+00
9.073948356548106275e+00
9.249231349732326635e+00
9.427900314104888935e+00
9.610020657043166992e+00
9.795659049409957575e+00
9.984883449960310742e+00
1.017776313022007706e+01
1.037436869984487586e+01
1.057477213246891523e+01
1.077904679205332883e+01
1.098726745974320274e+01
1.119951036124371235e+01
1.141585319472477877e+01
1.163637515926505728e+01
1.186115698384517891e+01
1.209028095690107385e+01
1.232383095644837034e+01
1.256189248078840848e+01
1.280455267980774536e+01
1.305190038688193077e+01
1.330402615139589706e+01
1.356102227189235165e+01
1.382298282986046445e+01
1.409000372417752089e+01
1.436218270621552051e+01
1.463961941562630642e+01
1.492241541681770300e+01
1.521067423613428105e+01
1.550450139975660591e+01
1.580400447233218308e+01
1.610929309635310247e+01
1.642047903229387629e+01
1.673767619952507246e+01
1.706100071801697382e+01
1.739057095084887195e+01
1.772650754753975733e+01
1.806893348821564871e+01
1.841797412863055428e+01
1.877375724605663265e+01
1.913641308606128177e+01
1.950607441018753718e+01
1.988287654455547582e+01
2.026695742940284717e+01
2.065845766958212337e+01
2.105752058603360410e+01
2.146429226825226522e+01
2.187892162776863714e+01
2.230156045266244647e+01
2.273236346312928191e+01
2.317148836812103951e+01
2.361909592307991446e+01
2.407534998878830734e+01
2.454041759135485634e+01
2.501446898335988678e+01
2.549767770618157670e+01
2.599022065352608735e+01
2.649227813618536587e+01
2.700403394804519763e+01
2.752567543336904876e+01
2.805739355538117152e+01
2.859938296617453091e+01
2.915184207796965055e+01
2.971497313574923282e+01
3.028898229129667996e+01
3.087407967866400682e+01
3.147047949109836296e+01
3.207840005945405437e+01
3.269806393211918305e+01
3.332969795648691047e+01
3.397353336199956431e+01
3.462980584479790735e+01
3.529875565400464410e+01
3.598062767967551423e+01
3.667567154244887462e+01
3.738414168492688816e+01
3.810629746482273106e+01
3.884240324990605586e+01
3.959272851478366562e+01
4.035754793954856012e+01
4.113714151033573785e+01
4.193179462181963402e+01
4.274179818169162814e+01
4.356744871715638112e+01
4.440904848348438350e+01
4.526690557466244513e+01
4.614133403618098583e+01
4.703265397999996367e+01
4.794119170173647149e+01
4.886727980011480810e+01
4.981125729872537278e+01
5.077346977013417018e+01
5.175426946239110038e+01
5.275401542798115173e+01
5.377307365526654337e+01
5.481181720246888034e+01
5.587062633423806091e+01
5.694988866086087143e+01
5.804999928015705990e+01
5.917136092211802634e+01
6.031438409633842923e+01
6.147948724229581074e+01
6.266709688253418875e+01
6.387764777880519773e+01
6.511158309122710364e+01
6.636935454051658212e+01
6.765142257335604370e+01
6.895825653095424457e+01
7.029033482086300921e+01
7.164814509211410609e+01
7.303218441373755354e+01
7.444295945673030701e+01
7.588098667953799747e+01
7.734679251712171322e+01
7.884091357367562125e+01
8.036389681906732108e+01
8.191629978907431564e+01
8.349869078948630374e+01
8.511164910415237728e+01
8.675576520704561290e+01
8.843164097842408466e+01
9.013988992516894427e+01
9.188113740537758645e+01
9.365602085729442194e+01
9.546519003266709547e+01
9.730930723460718923e+01
9.918904756004734224e+01
1.011050991468820683e+02
1.030581634258807497e+02
1.050489553774704916e+02
1.070782037934757369e+02
1.091466515439157092e+02
1.112550558489556636e+02
1.134041885561095313e+02
1.155948364228012224e+02
1.178278014043802955e+02
1.201039009477037354e+02
1.224239682903862132e+02
1.247888527658354860e+02
1.271994201141757515e+02
1.296565527991794511e+02
1.321611503313212381e+02
1.347141295970701549e+02
1.373164251945474348e+02
1.399689897756636867e+02
1.426727943948673101e+02
1.454288288646300771e+02
1.482381021177969558e+02
1.511016425769406339e+02
1.540204985308457992e+02
1.569957385182692917e+02
1.600284517191099098e+02
1.631197483531402099e+02
1.662707600864351321e+02
1.694826404456543116e+02
1.727565652403272622e+02
1.760937329932931164e+02
1.794953653794608215e+02
1.829627076730394322e+02
1.864970292034101362e+02
1.900996238198049753e+02
1.937718103649580428e+02
1.975149331579133900e+02
2.013303624861524668e+02
2.052194951072314097e+02
2.091837547601087977e+02
2.132245926863469379e+02
2.173434881613887626e+02
2.215419490360900738e+02
2.258215122887171731e+02
2.301837445876027175e+02
2.346302428646786495e+02
2.391626349000799792e+02
2.437825799180455135e+02
2.484917691943298905e+02
2.532919266753444845e+02
2.581848096092674609e+02
2.631722091893358879e+02
2.682559512095692185e+02
2.734378967331593344e+02
2.787199427737672863e+02
2.841040229899903693e+02
2.895921083932346392e+02
2.951862080692675363e+02
3.008883699137024337e+02
3.067006813817013722e+02
3.126252702521493916e+02
3.186643054065954743e+02
3.248199976232413064e+02
3.310946003862608222e+02
3.374904107107660138e+02
3.440097699836965717e+02
3.506550648209592964e+02
3.574287279411248051e+02
3.643332390559954774e+02
3.713711257783892847e+02
3.785449645474466820e+02
3.858573815718183369e+02
3.933110537910721973e+02
4.009087098556660180e+02
4.086531311258636379e+02
4.165471526899332844e+02
4.245936644020238759e+02
4.327956119400805619e+02
4.411559978842113878e+02
4.496778828158700776e+02
4.583643864382792685e+02
4.672186887184973898e+02
4.762440310515387978e+02
4.854437174469977094e+02
4.948211157385783281e+02
5.043796588169972779e+02
5.141228458867028621e+02
5.240542437468614025e+02
5.341774880971066750e+02
5.444962848684946266e+02
5.550144115801792850e+02
5.657357187222844459e+02
5.766641311655080244e+02
5.878036495979361007e+02
5.991583519896224743e+02
6.107323950854593022e+02
6.225300159268756488e+02
6.345555334029519372e+02
6.468133498314765575e+02
6.593079525705539936e+02
6.720439156613459772e+02
6.850259015025324061e+02
6.982586625571435661e+02
7.117470430923384583e+02
7.254959809528029382e+02
7.395105093684054509e+02
7.537957587967582640e+02
7.683569588013978091e+02
7.831994399662198703e+02
7.983286358469131301e+02
8.137500849600702395e+02
8.294694328107534602e+02
8.454924339591968874e+02
8.618249541274468584e+02
8.784729723466962241e+02
8.954425831460841891e+02
9.127399987838083462e+02
9.303715515213037861e+02
9.483436959413695604e+02
9.666630113110745697e+02
9.853362039902904144e+02
1.004370109886785940e+03
1.023771696958711118e+03
1.043548067765440919e+03
1.063706462067693110e+03
1.084254259477855157e+03
1.105198982161544563e+03
1.126548297591319169e+03
1.148310021353603133e+03
1.170492120009812197e+03
1.193102714012786464e+03
1.216150080679521125e+03
1.239642657221342006e+03
1.263589043832616426e+03
1.287998006839104846e+03
1.312878481907176820e+03
1.338239577314974667e+03
1.364090577286787266e+03
1.390440945391838113e+03
1.417300328008700944e+03
1.444678557856688485e+03
1.472585657595408748e+03
1.501031843493883343e+03
1.530027529170512707e+03
1.559583329405338873e+03
1.589710064025897736e+03
1.620418761868161027e+03
1.651720664813994517e+03
1.683627231906576753e+03
1.716150143545376750e+03
1.749301305762107404e+03
1.783092854579307414e+03
1.817537160453119441e+03
1.852646832801857272e+03
1.888434724622117983e+03
1.924913937193998436e+03
1.962097824877236462e+03
1.999999999999999773e+03
