6.413773375509309460e+01
6.528547364953408305e+01
6.645375228914642207e+01
6.764293722612572424e+01
6.885340259065287682e+01
7.008552920863100155e+01
7.133970472152930142e+01
7.261632370837159556e+01
7.391578780990954556e+01
7.523850585501739374e+01
7.658489398935110160e+01
7.795537580630927721e+01
7.935038247447423032e+01
8.077035283094612339e+01
8.221573354045747806e+01
8.368697925733945908e+01
8.518455276851894098e+01
8.670892513892765407e+01
8.826057585950981377e+01
8.983999299787404880e+01
9.144767335163905386e+01
9.308412260451714815e+01
9.474985548518857570e+01
9.644539592901377034e+01
9.817127724298582336e+01
9.992804230357579343e+01
1.017162437534603043e+02
1.035364441301102971e+02
1.053892160375356184e+02
1.072751423264325723e+02
1.091948162775566828e+02
1.111488417883749946e+02
1.131378335630618039e+02
1.151624173058921627e+02
1.172232299180971893e+02
1.193209196982443530e+02
1.214561465462020209e+02
1.236295821657360534e+02
1.258419102427727978e+02
1.280938266783229267e+02
1.303860398231944373e+02
1.327192707007543788e+02
1.350942532335948272e+02
1.375117344742532168e+02
1.399724748400553551e+02
1.424772483521628601e+02
1.450268428788905055e+02
1.476220603833758389e+02
1.502637171756770158e+02
1.529526441693132028e+02
1.556896871377610694e+02
1.584757069768037070e+02
1.613115799817523737e+02
1.641981981235526575e+02
1.671364693291266690e+02
1.701273177667182779e+02
1.731716841363433446e+02
1.762705259654325118e+02
1.794248179097575076e+02
1.826355520597394388e+02
1.859037382522299993e+02
1.892304043878689583e+02
1.926165967470433884e+02
1.960633802761786626e+02
1.995718389471109617e+02
2.031430761168558377e+02
2.067782148741761148e+02
2.104783983922710036e+02
2.142447902877625552e+02
2.180785749861009322e+02
2.219809580934893916e+02
2.259531667754573334e+02
2.299964501421910654e+02
2.341120796407510340e+02
2.383013494538625991e+02
2.425655768812766269e+02
2.469061027373564627e+02
2.513242918053351787e+02
2.558215332687884995e+02
2.603992411475679774e+02
2.650588547415192693e+02
2.698018390821213757e+02
2.746296853921809316e+02
2.795439115537441239e+02
2.845460625843445541e+02
2.896377111217636298e+02
2.948204579174364426e+02
3.000959323119998885e+02
3.054657926000936072e+02
3.109317266417419887e+02
3.164954524540172542e+02
3.221587187493388456e+02
3.279233054832230323e+02
3.337910244117877596e+02
3.397637196591919064e+02
3.458432682951784614e+02
3.520315809229133492e+02
3.583306022772871984e+02
3.647423118338837185e+02
3.712687244260557122e+02
3.779118907419964444e+02
3.846738978944866858e+02
3.915568702430053918e+02
3.985629700722943767e+02
4.056943982681812599e+02
4.129533950054105844e+02
4.203422404477072973e+02
4.278632554602774576e+02
4.355188023349826381e+02
4.433112855283958424e+02
4.512431524129724494e+02
4.593168940415836232e+02
4.675350458306889436e+02
4.759001878765579931e+02
4.844149460768668973e+02
4.930819931413733457e+02
5.019040494242296404e+02
5.108838837707575635e+02
5.200243143792198453e+02
5.293282096778345931e+02
5.387984892173271874e+02
5.484381245792679920e+02
5.582501403004865779e+02
5.682376148138505414e+02
5.784036813910043975e+02
5.887515285049533986e+02
5.992844005481435943e+02
6.100055995715831614e+02
6.209184863635771308e+02
6.320264814896580674e+02
6.433330663508132830e+02
6.548417842603281542e+02
6.665562415395726248e+02
6.784801086330544422e+02
6.906171212430975856e+02
7.029710814844567039e+02
7.155458590592273822e+02
7.283453920892109181e+02
7.413736866713861673e+02
7.546348192859705932e+02
7.681329386831882857e+02
7.818722671555563011e+02
7.958571018318369852e+02
8.100918159935524727e+02
8.245808604144120864e+02
8.393287647230722541e+02
8.543401387896138885e+02
8.696196741361617342e+02
8.851721453720465433e+02
9.010024115876454971e+02
9.171154154654637978e+02
9.335161839379936737e+02
9.502098324081686087e+02
9.672015664825100885e+02
9.844966835431420122e+02
1.002100574346806297e+03
1.020018724651256093e+03
1.038256716869560478e+03
1.056820231752737300e+03
1.075715050101195175e+03
1.094947054505498727e+03
1.114522231116912735e+03
1.134446670099373250e+03
1.154726561835664370e+03
1.175368202984537675e+03
1.196378000379590731e+03
1.217762472922824827e+03
1.239528253509229899e+03
1.261682090983573516e+03
1.284230852129923733e+03
1.307181523694431007e+03
1.330541214441932425e+03
1.354317157246865008e+03
1.378516711219121589e+03
1.403147363591426938e+03
1.428216723407188965e+03
1.453732521395411140e+03
1.479702621346520118e+03
1.506135022926602005e+03
1.533037863957380523e+03
1.560419422732875773e+03
1.588288120373251104e+03
1.616652523216472446e+03
1.645521345248264652e+03
1.674903450571025360e+03
1.704807855912203195e+03
1.735243733172828343e+03
1.766220408276261423e+03
1.797747349587246617e+03
1.829834181771939029e+03
1.862490693293926824e+03
1.895726839085594065e+03
1.929552743259851241e+03
1.963978701863104789e+03
1.999015185670181154e+03
2.034672843021739027e+03
2.070962502704714552e+03
2.107895176876430469e+03
2.145482064032914423e+03
2.183734550810951987e+03
2.222664182163838177e+03
2.262282657895413649e+03
2.302601869131201056e+03
2.343633903138319511e+03
2.385391046322311013e+03
2.427885787263979182e+03
2.471130819796633659e+03
2.515139046124081688e+03
2.559923579979822080e+03
2.605497749827778989e+03
2.651875102105035694e+03
2.699069404506926276e+03
2.747094655701534066e+03
2.795965110776123765e+03
2.845695266332535084e+03
2.896299856924269534e+03
2.947793858695243216e+03
3.000192493068006115e+03
3.053511230481854454e+03
3.107765794181387264e+03
3.162972164056019665e+03
3.219146580530938991e+03
3.276305548510246808e+03
3.334465841372466912e+03
3.393644492714160606e+03
3.453858506542906525e+03
3.515124824205207005e+03
3.577460610687448934e+03
3.640883270834731775e+03
3.705410451548610581e+03
3.771060043971223422e+03
3.837850185654595407e+03
3.905799262713989719e+03
3.974925911963741328e+03
4.045249023034344646e+03
4.116787740469295386e+03
4.189561465800349652e+03
4.263589951268880213e+03
4.338893589556709230e+03
4.415493164306469225e+03
4.493409765400556353e+03
4.572664792656200007e+03
4.653279959545007841e+03
4.735277296936653329e+03
4.818679156866361154e+03
4.903508216325619287e+03
4.989787481076054064e+03
5.077540289485476023e+03
5.166790316386194718e+03
5.257561565208055981e+03
5.349878123645470623e+03
5.443764153417020680e+03
5.539244119968747327e+03
5.636342804719140986e+03
5.735085307363844549e+03
5.835497048146489760e+03
5.937603770093724052e+03
6.041431541212640695e+03
6.147006756648520422e+03
6.254356140801048241e+03
6.363506749397003659e+03
6.474485971514746780e+03
6.587321367667737832e+03
6.702040205792577581e+03
6.818669892198692651e+03
6.937238106794059604e+03
7.057772802083582064e+03
7.180302202028175088e+03
7.304854800760465878e+03
7.431459361153174541e+03
7.560144913236603315e+03
7.690940752460642216e+03
7.823876437797901417e+03
7.958981789683432908e+03
8.096286867437840556e+03
8.235821584534782232e+03
8.377615709702298773e+03
8.521699193850041411e+03
8.668102177572442088e+03
8.816854985694715651e+03
8.967988121565405891e+03
9.121532261090689644e+03
9.277518246505291245e+03
9.435977079875186973e+03
9.596939916327073661e+03
9.760438056999611945e+03
9.926502941681113953e+03
1.009516585831018529e+04
1.026645720852066552e+04
1.044040720532782689e+04
1.061704606309795236e+04
1.079640398472709967e+04
1.097851114841829803e+04
1.116339769405110565e+04
1.135109370914033752e+04
1.154162921437816112e+04
1.173503414875708586e+04
1.193133835426854785e+04
1.213057156017378475e+04
1.233276330777246949e+04
1.253794194299660558e+04
1.274613467307360770e+04
1.295736836005147779e+04
1.317166952516746278e+04
1.338906432542197217e+04
1.360957852961966273e+04
1.383323749387796306e+04
1.406006613660390940e+04
1.429008891294085879e+04
1.452332978868728787e+04
1.475981221368996194e+04
1.499955909450176478e+04
1.524259213477768753e+04
1.548893034546301897e+04
1.573859151948014551e+04
1.599159258582736948e+04
1.624794957313173472e+04
1.650767757264764441e+04
1.677079070071574824e+04
1.703730206069678025e+04
1.730722370439810766e+04
1.758056659301010222e+04
1.785734055757155875e+04
1.813755425898506292e+04
1.842121494915603762e+04
1.870832544903719827e+04
1.899888452034697912e+04
1.929288914492059484e+04
1.959033453927690061e+04
1.989121410146799826e+04
2.019551935770068303e+04
2.050323990878133554e+04
2.081436337643659863e+04
2.112887534956622403e+04
2.144675933048592196e+04
2.176799668122050207e+04
2.209256656860185103e+04
2.242044416106172503e+04
2.275159694680038956e+04
2.308598865528180613e+04
2.342358012610839432e+04
2.376432924595483928e+04
2.410819088634091895e+04
2.445511684235590656e+04
2.480505577245400127e+04
2.515795313943899237e+04
2.551375115276557699e+04
2.587238871228128846e+04
2.623380135354098456e+04
2.659792062165943571e+04
2.696466629086868852e+04
2.733394789127629701e+04
2.770567040476071998e+04
2.807973434991389877e+04
2.845603572774265558e+04
2.883446597109350841e+04
2.921491189803245288e+04
2.959725566941312354e+04
2.998137475087056009e+04
3.036714187947840037e+04
3.075442503530817703e+04
3.114308740937645416e+04
3.153298099722236657e+04
3.192393478606462304e+04
3.231576865146175260e+04
3.270829629842176291e+04
3.310132526430331927e+04
3.349465693149673461e+04
3.388808655028054636e+04
3.428140327224214707e+04
3.467439019464318699e+04
3.506682441610332899e+04
3.545847710396507318e+04
3.584911357369218604e+04
3.623849167542981013e+04
3.662634123558096326e+04
3.701236983119441720e+04
3.739627765929353336e+04
3.777775801799359760e+04
3.815649749859394797e+04
3.853217619830672629e+04
3.890446795403087162e+04
3.927304059752837202e+04
3.963755623232479411e+04
3.999767153260107443e+04
4.035303806429416727e+04
4.070330259545949957e+04
4.104809263945109706e+04
4.138699272926891717e+04
4.171957594966245233e+04
4.204541040853659069e+04
4.236405980085159536e+04
4.267508400632315170e+04
4.297803972071613680e+04
4.327248112039831176e+04
4.355796055968310975e+04
4.383402930035607278e+04
4.410023827263068961e+04
4.435613886663581798e+04
4.460128162394243554e+04
4.483519392806621181e+04
4.505738908936004009e+04
4.526738326731495181e+04
4.546469680182926095e+04
4.564885529600275186e+04
4.581939072732174100e+04
4.597584258475362003e+04
4.611775902904914255e+04
4.624469807332993514e+04
4.635622878081956151e+04
4.645193247636557498e+04
4.653140402619520319e+04
4.659427029941814544e+04
4.664021558429265860e+04
4.666894751247882232e+04
4.668019199855044280e+04
4.667369419951684540e+04
4.664921945239825436e+04
4.660655418618868134e+04
4.654550680451724475e+04
4.646590853529043670e+04
4.636761424360695673e+04
4.625050320424351230e+04
4.611447983004830894e+04
4.595949588736517035e+04
4.578576026365055441e+04
4.559364471451671852e+04
4.538354260171810893e+04
4.515586576989680179e+04
4.491104341787715384e+04
4.464952095428976463e+04
4.437175884126825258e+04
4.407823142988928157e+04
4.376942579095037217e+04
4.344584054458157334e+04
4.310798469208910683e+04
4.275637811150792550e+04
4.239178649133274303e+04
4.201545400593094382e+04
4.162866159228453762e+04
4.123266402664544148e+04
4.082868727740557370e+04
4.041792619734040636e+04
4.000154254634480458e+04
3.958066333421861782e+04
3.915637947174110013e+04
3.872974471717805136e+04
3.830177490449421748e+04
3.787345544921080000e+04
3.744588392622380343e+04
3.702024620729126764e+04
3.659768113045029895e+04
3.617927631516342808e+04
3.576606924583460204e+04
3.535904866359013977e+04
3.495915624075060623e+04
3.456728061607264681e+04
3.418399241199099924e+04
3.380949555333820899e+04
3.344396120047890872e+04
3.308755040585376264e+04
3.274041398935968391e+04
3.240246972583085153e+04
3.207312497260247255e+04
3.175173806573355614e+04
3.143768952182063367e+04
3.113011851059509354e+04
3.082763693377177333e+04
3.052883715716551887e+04
3.023229210985902682e+04
2.993623332323343129e+04
2.963882672046416701e+04
2.933824971055745846e+04
2.903247952524295761e+04
2.871950805225986915e+04
2.839729360958718098e+04
2.806368131123181956e+04
2.771665353478110046e+04
2.735452033498656237e+04
2.697581745511241752e+04
2.657937844152838443e+04
2.616434243667177725e+04
2.573023607004279620e+04
2.527717011974202251e+04
2.480562038847786243e+04
2.431674757876672811e+04
2.381206766171997515e+04
2.329386685868020504e+04
2.276473033177464458e+04
2.222789190948720716e+04
2.168681004169534572e+04
2.114557103198702680e+04
2.060823041316683884e+04
2.007879971976925663e+04
1.956128115251507188e+04
1.906007366618018204e+04
1.857887613197510655e+04
1.812030584071516932e+04
1.768681728994942750e+04
1.728082261033891700e+04
1.690338283490978210e+04
1.655433875212272687e+04
1.623263119637044656e+04
1.593654081310866786e+04
1.566310586103296919e+04
1.540870587663448896e+04
1.516869066546477188e+04
1.493793583223867790e+04
1.471062977377870993e+04
1.448104477473952466e+04
1.424364897929472681e+04
1.399336559908340496e+04
1.372576129096251316e+04
1.343795617364976169e+04
1.312840211864107368e+04
1.279757541389855214e+04
1.244742172366299383e+04
1.208169557006187279e+04
1.170566513353981827e+04
1.132588533164440923e+04
1.094958863254095922e+04
1.058400402437094453e+04
1.023590231930000300e+04
9.910998314060347184e+03
9.613382877216003180e+03
9.345430106765448727e+03
9.107491717232940573e+03
8.897217429102329334e+03
8.709999305630626623e+03
8.539348141652031700e+03
8.377932919483037040e+03
8.217867350025077030e+03
8.051744567353042839e+03
7.873223561465585590e+03
7.678007048757928715e+03
7.464289828025023780e+03
7.233673272652074957e+03
6.990348097491560111e+03
6.741270971119044589e+03
6.494195076758102914e+03
6.257154963922333081e+03
6.036869796022270748e+03
5.838215268329045102e+03
5.663079170537277605e+03
5.510505271589038784e+03
5.375981957573007094e+03
5.252980417634153127e+03
5.133444117651442866e+03
5.009818944229702538e+03
4.876529464885090420e+03
4.730805236643566786e+03
4.573393345842364397e+03
4.408531598480791217e+03
4.242847860094423595e+03
4.083493632374407753e+03
3.936686677853990659e+03
3.805516772883541762e+03
3.690447620260226813e+03
3.588064002286019331e+03
3.493185118339914879e+03
3.399032202939287345e+03
3.300646296937500210e+03
3.195121783651893111e+03
3.083478097516948310e+03
2.968980472200134955e+03
2.857113081141708335e+03
2.752792217177188377e+03
2.658464980327969442e+03
2.574218431922525724e+03
2.496806940962474528e+03
2.422291345126630858e+03
2.346340155564624183e+03
2.267138566687159710e+03
2.185326166180212113e+03
2.103609564531255728e+03
2.025793667166693012e+03
1.953840322367143699e+03
1.888312292850654558e+03
1.827214257419545447e+03
1.767389720764277627e+03
1.707093468062541660e+03
1.645609100009399526e+03
1.584313825636149431e+03
1.525763218963427107e+03
1.470991569565123200e+03
1.419708358974501380e+03
1.371000225854817927e+03
1.323103982300174721e+03
1.274954490321091953e+03
1.227584147862626651e+03
1.182243623801854710e+03
1.139148818560586960e+03
1.097904790843982482e+03
1.058162534720110671e+03
1.019645501086800095e+03
9.821208210469717415e+02
9.455602038582512705e+02
9.101710402580562231e+02
8.761412036595274913e+02
8.434984849047416446e+02
8.120942784327063464e+02
7.817845062294513809e+02
7.524621459749017731e+02
7.241054069456018851e+02
6.967084804074569320e+02
6.702629424275048677e+02
6.447535371448800561e+02
6.201517464995434921e+02
5.964277052537668169e+02
5.735524436372628543e+02
5.514978713781108581e+02
5.302371176790782101e+02
5.097445898934955153e+02
4.899954034124361328e+02
4.709653284151455637e+02
4.526307804780665833e+02
4.349688105108484706e+02
4.179569628148042852e+02
4.015731005543448191e+02
3.857957139647130589e+02
3.706039574707850193e+02
3.559776322383910383e+02
3.418971690570082842e+02
3.283436115529693211e+02
3.152985997320423053e+02
3.027443594328606196e+02
2.906637651815673280e+02
2.790402914727107486e+02
2.678579248306315890e+02
2.571011491990301465e+02
2.467549335567882167e+02
2.368047196935302168e+02
2.272364101508140095e+02
2.180363563343181568e+02
2.091913468018641993e+02
2.006885957315784310e+02
1.925157314533193755e+02
1.846607729947324401e+02
1.771121111880061676e+02
1.698585213813315704e+02
1.628891550662397947e+02
1.561935289489352101e+02
1.497615142604250877e+02
1.435833263040357508e+02
1.376495142386936834e+02
1.319509510961317744e+02
1.264788240300332092e+02
1.212246247949194498e+02
1.161801404524518944e+02
1.113374435085085850e+02
1.066888792855507120e+02
1.022270610548669794e+02
9.794486354332842382e+01
9.383541462716137005e+01
8.989208724133962392e+01
8.610849150481388392e+01
8.247846705785276811e+01
7.899607560771825376e+01
7.565559367887348685e+01
7.245150556389626217e+01
6.937849647124885166e+01
6.643144583872677345e+01
6.360541967213213610e+01
6.089566404511080577e+01
5.829760078298359360e+01
5.580682162623139675e+01
5.341908243096322195e+01
5.113029754309244623e+01
4.893653434216746234e+01
4.683400795084134671e+01
4.481907610600182323e+01
4.288823418763592343e+01
4.103811040154155165e+01
3.926546111205182399e+01
3.756716588425529579e+01
3.594022123375798827e+01
3.438173836890533153e+01
3.288893998240937577e+01
3.145915621794972594e+01
3.008982076888625201e+01
2.877846710636787719e+01
2.752272483311959306e+01
2.632031615927224522e+01
2.516905249667926725e+01
2.406683116824057933e+01
2.301163222883669945e+01
2.200151539472892637e+01
2.103461708448639200e+01
2.010914755569235268e+01
1.922338813038289373e+01
1.837568852535054731e+01
1.756446427591524539e+01
1.678819424961920603e+01
1.604541824704793029e+01
1.533473468704908171e+01
1.465479837369383809e+01
1.400431834239121009e+01
1.338205578263492157e+01
1.278682203492953739e+01
1.221747645338547272e+01
1.167292374575850822e+01
1.115211307421830611e+01
1.065403668751794619e+01
1.017772822618923101e+01
9.722261090737868372e+00
9.286746870872004678e+00
8.870333833636774301e+00
8.472205468394998107e+00
8.091579086659454134e+00
7.727704474844546922e+00
7.379862598068484658e+00
7.047364362870895960e+00
6.729549726384627562e+00
6.425786541660504447e+00
6.135469032165740799e+00
5.858016712187469111e+00
5.592873373724498443e+00
5.339506111799956933e+00
5.097404386844951674e+00
4.866079122844842786e+00
4.645061839982055574e+00
4.433903820548377617e+00
4.232175306939443438e+00
4.039464730581958207e+00
3.855377841908387726e+00
3.679536547899703969e+00
3.511578761059931608e+00
3.351157934394831006e+00
3.197942412025579717e+00
3.051614806049705031e+00
2.911871398675418554e+00
2.778421568641839645e+00
2.650987240974858050e+00
2.529302359163792424e+00
2.413112378878055075e+00
2.302173782376542466e+00
2.196253616733460756e+00
2.095129156179865060e+00
1.998587464451305973e+00
1.906424844992731238e+00
1.818446444189345312e+00
1.734465878396317606e+00
1.654304876146086345e+00
1.577792934943010872e+00
1.504766992076897125e+00
1.435071108907652659e+00
1.368556168093569614e+00
1.305079583255283948e+00
1.244505020586118116e+00
1.186702117173169757e+00
1.131546178639482925e+00
1.078917992082333521e+00
1.028703609822104514e+00
9.807941221519334007e-01
9.350854396292228587e-01
8.914780845226090156e-01
8.498769910418083606e-01
8.101913139923317964e-01
7.723342455110029370e-01
7.362228395518577440e-01
7.017778438048420941e-01
6.689235384279736962e-01
6.375875743340632118e-01
6.077008268684049863e-01
5.791972637107015709e-01
5.520138097392890408e-01
5.260902172293729917e-01
5.013689416162789847e-01
4.777950225916428040e-01
4.553159703099118327e-01
4.338816564914269036e-01
4.134442102170517996e-01
3.939579182176404237e-01
3.753791294695498215e-01
3.576661612308715266e-01
3.407792041235489511e-01
3.246802486429229972e-01
3.093330081653553609e-01
2.947028421769401496e-01
2.807566828571699258e-01
2.674629648741729815e-01
2.547915582541261936e-01
2.427137041931834438e-01
2.312019536857162494e-01
2.202301088479992897e-01
2.097731668214726508e-01
1.998072660793963895e-01
1.903096337760925849e-01
1.812585370696258302e-01
1.726332378650914379e-01
1.644139480500805828e-01
1.565817866433065753e-01
1.491187388428417138e-01
1.420076168913866344e-01
1.352320226795324654e-01
1.287763120113096793e-01
1.226255604595569565e-01
1.167655307417352351e-01
1.111826415497563364e-01
1.058639362780529614e-01
1.007970507950434608e-01
9.597019155805001922e-02
9.137211103411782553e-02
8.699208272757825988e-02
8.281987733505832838e-02
7.884573997773068610e-02
7.506036846280603192e-02
7.145489252836857708e-02
6.802085402768669187e-02
6.475018801104512334e-02
6.163520466499926298e-02
5.866857198538034945e-02
5.584329771623890853e-02
5.315271412903218445e-02
5.059046476168109485e-02
4.815049009916014949e-02
4.582701384195685124e-02
4.361452980306995686e-02
4.150778940507487969e-02
3.950178975004797061e-02
3.759176223637072239e-02
3.577316169759993392e-02
3.404165603970000370e-02
3.239311635399243910e-02
3.082360705902871187e-02
2.932937594067698550e-02
2.790684699272826322e-02
2.655261256119345603e-02
2.526342548404747479e-02
2.403619159522007998e-02
2.286796257606533642e-02
2.175592913831106423e-02
2.069741452321747013e-02
1.968986830237990857e-02
1.873086046627207152e-02
1.781807578726586280e-02
1.694930834705516212e-02
1.612245478741682753e-02
1.533551002898241901e-02
1.458656427866912228e-02
1.387379857105465984e-02
1.319548046413545998e-02
1.254995993888666922e-02
1.193566549295808042e-02
1.135110041929635917e-02
1.079483926092538251e-02
1.026552443353364111e-02
9.761863007913677490e-03
9.282623644637631732e-03
8.826633424517778964e-03
8.392774566390068941e-03
7.979982566789840803e-03
7.587243841638884045e-03
7.213593294826953564e-03
6.858112003142667959e-03
6.519925011953357774e-03
6.198199236305549503e-03
5.892141462376309161e-03
5.600996444451871586e-03
5.324045092843748654e-03
5.060602748374977422e-03
4.810017475276174952e-03
4.571667545482806239e-03
4.344960365268363441e-03
4.129331981495402287e-03
3.924245715256384319e-03
3.729190835381560650e-03
3.543681297263628991e-03
3.367254543724568054e-03
3.199470364818137336e-03
3.039909813620677703e-03
2.888174175213007160e-03
2.743883986199500448e-03
2.606678102153617022e-03
2.476212614710091194e-03
2.352159660701249287e-03
2.234207206892149453e-03
2.122058397744038243e-03
2.015430809930122448e-03
1.914055744159970417e-03
1.817677552397665335e-03
1.726052998659675410e-03
1.638950651674441318e-03
1.556150307775926341e-03
1.477442442489001638e-03
1.402627689345582610e-03
1.331516309984479528e-03
1.263927264223052484e-03
1.199687993499576506e-03
1.138634418867774797e-03
1.080610526343799569e-03
1.025467962850286222e-03
9.730656530477901694e-04
9.232694359320832911e-04
8.759517201386442763e-04
8.309911569545317279e-04
7.882723300934022827e-04
7.476854613419505304e-04
7.091261311426504772e-04
6.724949180995035830e-04
6.376969993804971820e-04
6.046421821479240925e-04
5.732447222055425369e-04
5.434230993582866986e-04
5.150998045682676774e-04
4.882011382587772130e-04
4.626570191552279668e-04
4.384008030871260194e-04
4.153691112079485170e-04
3.935016671208874345e-04
3.727411424274936825e-04
3.530330002413376500e-04
3.343252372908217117e-04
3.165683201261677436e-04
2.997151642398488661e-04
2.837210118889150535e-04
2.685433141255545546e-04
2.541416190936875478e-04
2.404774662406181161e-04
2.275142861135168886e-04
2.152173054298305390e-04
2.035534571289035856e-04
1.924912951291908451e-04
1.820009135541853223e-04
1.720538834382926547e-04
1.626231979086533374e-04
1.536831675342552122e-04
1.452093497511219020e-04
1.371784882393790276e-04
1.295684553383949901e-04
1.223581973402204821e-04
1.155276825103552867e-04
1.090578516932442469e-04
1.029305713676991716e-04
9.712858902487422734e-05
9.163549074835764050e-05
8.643566994552408678e-05
8.151438545598645744e-05
7.685766251230785812e-05
7.245217765406237662e-05
6.828522952197057648e-05
6.434471230354826344e-05
6.061909019420360403e-05
5.709737284005926734e-05
5.376909172969714779e-05
5.062427750292304048e-05
4.765343814554790489e-05
4.484753804003237401e-05
4.219797802034653574e-05
3.969664146270937338e-05
3.733594980636718359e-05
3.510867717184203472e-05
3.300791247370793170e-05
3.102705025129219487e-05
2.915978138338050479e-05
2.740008372937659359e-05
2.574221273583104173e-05
2.418069204384605593e-05
2.271030412962639792e-05
2.132608100735675934e-05
2.002329502064972630e-05
1.879745806437128455e-05
1.764439193220124143e-05
1.656016190473385595e-05
1.554100543277535295e-05
1.458332781081505202e-05
1.368369850839650041e-05
1.283884716283815052e-05
1.204565929037127323e-05
1.130117176814969399e-05
1.060256813512813667e-05
9.947173755530777959e-06
9.332450884538257392e-06
8.755993707059773253e-06
8.215532098401713548e-06
7.708935008262281997e-06
7.234184203612247799e-06
6.789367117414654601e-06
6.372672983795728932e-06
5.982388926832466050e-06
5.616896030189027852e-06
5.274665411667765702e-06
4.954254323786338538e-06
4.654302298754602308e-06
4.373527353692420789e-06
4.110722269602625486e-06
3.864745839019498250e-06
3.634475112738483585e-06
3.418835874077524368e-06
3.216832013808408069e-06
3.027539887083395242e-06
2.850102711460214836e-06
2.683725422580209443e-06
2.527669948181516830e-06
2.381250864666653922e-06
2.243831403649209782e-06
2.114819778809793590e-06
1.993665806026724648e-06
1.879857715713245386e-06
1.772905470638093573e-06
