1.792978620641350318e+01
1.829114727547563035e+01
1.865979128551862232e+01
1.903586501143292153e+01
1.941951818582601064e+01
1.981090355861659091e+01
2.021017695782888879e+01
2.061749735161161468e+01
2.103302691150671677e+01
2.145693107699208113e+01
2.188937862132500101e+01
2.233054172005821059e+01
2.278059602346262835e+01
2.323972072293716451e+01
2.370809862121978284e+01
2.418591620516783181e+01
2.467336372000493938e+01
2.517063524506429673e+01
2.567792877105845406e+01
2.619544627890602229e+01
2.672339382014746079e+01
2.726198159898099860e+01
2.781142405480242275e+01
2.837193994271363806e+01
2.894375242415673455e+01
2.952708915748740637e+01
3.012218238857971997e+01
3.072926904325609954e+01
3.134859082157936427e+01
3.198039429404314760e+01
3.262493099970146915e+01
3.328245754627387498e+01
3.395323571226768422e+01
3.463753255117720187e+01
3.533562049788167059e+01
3.604777747699648671e+01
3.677428701342176254e+01
3.751543834517352138e+01
3.827152653848840202e+01
3.904285260524619616e+01
3.982972362275829425e+01
4.063245285596918421e+01
4.145135988211860933e+01
4.228677071791605613e+01
4.313901794842184501e+01
4.400844085185731558e+01
4.489538553755475903e+01
4.580020508793676015e+01
4.672325969901480391e+01
4.766491682366691407e+01
4.862555131780077033e+01
4.960554558946032699e+01
5.060528975093278348e+01
5.162518177391989838e+01
5.266562764783204642e+01
5.372704154062491710e+01
5.480984595510254564e+01
5.591447189857974820e+01
5.704135906026408520e+01
5.819095598621186838e+01
5.936372025766127081e+01
6.056011867295520545e+01
6.178062743312394645e+01
6.302573233120318719e+01
6.429592894536189362e+01
6.559172283591523467e+01
6.691362974538512276e+01
6.826217578490252436e+01
6.963789764252020120e+01
7.104134281295837638e+01
7.247306981577759188e+01
7.393364841723716552e+01
7.542365985661233196e+01
7.694369707706242423e+01
7.849436496114211081e+01
8.007628057104481911e+01
8.169007339367814780e+01
8.333638558975836474e+01
8.501587221804206251e+01
8.672920148503939686e+01
8.847705504413548283e+01
9.026012826827532365e+01
9.207913052580474300e+01
9.393478546184857692e+01
9.582783128533984041e+01
9.775902106181017359e+01
9.972912301205995789e+01
1.017389208168222439e+02
1.037892139267390519e+02
1.058808178267262150e+02
1.080145643215119406e+02
1.101913019372822902e+02
1.124118962648896201e+02
1.146772303024634851e+02
1.169882048048888237e+02
1.193457386402800040e+02
1.217507691536002454e+02
1.242042525375612598e+02
1.267071642109526692e+02
1.292604992040346588e+02
1.318652724675210663e+02
1.345225191703593168e+02
1.372332952529072259e+02
1.399986778650734323e+02
1.428197657912019736e+02
1.456976798834385818e+02
1.486335635037488032e+02
1.516285829747569380e+02
1.546839280395846288e+02
1.578008123308665631e+02
1.609804738489537499e+02
1.642241753180281307e+02
1.675332044303683858e+02
1.709088746319275174e+02
1.743525256986222871e+02
1.778655242619352919e+02
1.814492643449556226e+02
1.851051679090524544e+02
1.888346854114053031e+02
1.926392963735919750e+02
1.965205099614617836e+02
2.004798655765062847e+02
2.045189332656616727e+02
2.086393137765880113e+02
2.128426396863798402e+02
2.171305761991391989e+02
2.215048217936873698e+02
2.259671088840147490e+02
2.305192044927318591e+02
2.351629109377581699e+02
2.399000665325166608e+02
2.447325462998921637e+02
2.496622627002275010e+02
2.546911660965383533e+02
2.598212443381041226e+02
2.650545243850770021e+02
2.703930735102799190e+02
2.758390000926286234e+02
2.813944544257753932e+02
2.870616295424334226e+02
2.928427620546743810e+02
2.987401330105136594e+02
3.047560687670789434e+02
3.108929418806915237e+02
3.171531716546805910e+02
3.235392228714239877e+02
3.300536079706490113e+02
3.366988889907228781e+02
3.434776785351570538e+02
3.503926407538309036e+02
3.574464923428036514e+02
3.646420035630817438e+02
3.719819992786639773e+02
3.794693600142314835e+02
3.871070230328406865e+02
3.948979829433006330e+02
4.028452884882445915e+02
4.109520453707912679e+02
4.192214198553365918e+02
4.276566399449049527e+02
4.362609965521862705e+02
4.450378446919235103e+02
4.539906046950073346e+02
4.631227634446445336e+02
4.724378756349930768e+02
4.819395650526341797e+02
4.916315254374408141e+02
5.015175160112971753e+02
5.116013639422384358e+02
5.218869698146839937e+02
5.323783090814507659e+02
5.430794334420991163e+02
5.539944722450637755e+02
5.651276339139787979e+02
5.764832073985500074e+02
5.880655636503616961e+02
5.998791571239960376e+02
6.119285265464632175e+02
6.242182811365964881e+02
6.367531015013040587e+02
6.495377547444886659e+02
6.625770965339138456e+02
6.758760726234006597e+02
6.894397203977797517e+02
7.032731704408842006e+02
7.173816481268128200e+02
7.317704752347081012e+02
7.464450715873364288e+02
7.614109568462151856e+02
7.766737566982546923e+02
7.922392060902323010e+02
8.081131460324584168e+02
8.243015250717362505e+02
8.408104011234189556e+02
8.576459433307566087e+02
8.748144339517884873e+02
8.923222702741139756e+02
9.101759665578341583e+02
9.283821560069681027e+02
9.469475913282440160e+02
9.658790525281358441e+02
9.851832813360181262e+02
1.004867111832394585e+03
1.024937484621387966e+03
1.045401447879123225e+03
1.066266158392090119e+03
1.087538882584530484e+03
1.109226997534043221e+03
1.131337991974401803e+03
1.153879467284662041e+03
1.176859138878201975e+03
1.200284905287545826e+03
1.224164932487816259e+03
1.248507539090976934e+03
1.273321180790082281e+03
1.298614452184669290e+03
1.324396088618379281e+03
1.350674968028556577e+03
1.377460112807458472e+03
1.404760691674828195e+03
1.432586021561468442e+03
1.460945569448073002e+03
1.489848911030723002e+03
1.519305649623740692e+03
1.549325509457144562e+03
1.579918356896507021e+03
1.611094201647525779e+03
1.642863197943069963e+03
1.675235645711503594e+03
1.708221991725163434e+03
1.741832830727765440e+03
1.776078906539528816e+03
1.810971113138095916e+03
1.846520428815168998e+03
1.882737723750584564e+03
1.919633935085207895e+03
1.957220122738443024e+03
1.995507468900582126e+03
2.034507277446048420e+03
2.074230973264997829e+03
2.114690101510857403e+03
2.155896326761221189e+03
2.197861432089644495e+03
2.240597318045672637e+03
2.284115959303726413e+03
2.328429224882228937e+03
2.373549007484765752e+03
2.419487285599022925e+03
2.466256120812251083e+03
2.513867654959253741e+03
2.562334107124419006e+03
2.611667770494536853e+03
2.661881009059325606e+03
2.712986254156403447e+03
2.764996000857687704e+03
2.817922750412490132e+03
2.871778678847506853e+03
2.926575819312909061e+03
2.982326205181024761e+03
3.039041864113693919e+03
3.096734811370374700e+03
3.155417042885253522e+03
3.215100528110504456e+03
3.275797202622994064e+03
3.337518960491955568e+03
3.400277646405040741e+03
3.464084998181625906e+03
3.528952203616776842e+03
3.594890064540866661e+03
3.661909234835005464e+03
3.730020211570018091e+03
3.799233323095599644e+03
3.869558716828279103e+03
3.941006346738728098e+03
4.013585960539367534e+03
4.087307086573383913e+03
4.162179020406952077e+03
4.238210759060279997e+03
4.315410308424977302e+03
4.393784805900731044e+03
4.473340989516334048e+03
4.554085190839717143e+03
4.636023316156775763e+03
4.719160827342429911e+03
4.803502722433838244e+03
4.889053515917077675e+03
4.975817218739091004e+03
5.063797318057769189e+03
5.152996708375164417e+03
5.243416694628825098e+03
5.335056940941160974e+03
5.427916319774419208e+03
5.521992922086395083e+03
5.617284031025002150e+03
5.713786095502430726e+03
5.811494703680730709e+03
5.910404556402503658e+03
6.010509440601688766e+03
6.111802202731429134e+03
6.214274676278459992e+03
6.317916100822840235e+03
6.422712598241668275e+03
6.528648877814676780e+03
6.635708319288811254e+03
6.743872940842878961e+03
6.853123367586986205e+03
6.963438800673869991e+03
7.074796987101032755e+03
7.187174190284908036e+03
7.300545161490804276e+03
7.414883080930997494e+03
7.530157496236571205e+03
7.646332888644184095e+03
7.763371482753159398e+03
7.881233503121507056e+03
7.999877147082467673e+03
8.119258559692470953e+03
8.239331810957939524e+03
8.360048875491142098e+03
8.481359614746172156e+03
8.603211761987349746e+03
8.725550891021241114e+03
8.848317283735137607e+03
8.971442215313365523e+03
9.094853407084950959e+03
9.218475830406936439e+03
9.342231710398278665e+03
9.466040535288871979e+03
9.589819071629759492e+03
9.713481385606935874e+03
9.836938870694151774e+03
9.960100281874791108e+03
1.008287177166107176e+04
1.020515306937448622e+04
1.032683031491415204e+04
1.044778461772760784e+04
1.056789395672903629e+04
1.068703327541168801e+04
1.080507458872694042e+04
1.092188710199238631e+04
1.103733734206268673e+04
1.115128930096325348e+04
1.126360459215212722e+04
1.137414261949442880e+04
1.148275670726325006e+04
1.158928290216651658e+04
1.169355132559924459e+04
1.179538991583298412e+04
1.189462471506997099e+04
1.199108017553812169e+04
1.208457948446668343e+04
1.217494490768923060e+04
1.226199815152338851e+04
1.234556074247527613e+04
1.242545442421110602e+04
1.250149922935595350e+04
1.257350429744230860e+04
1.264127620034678148e+04
1.270462314312238232e+04
1.276335550438798055e+04
1.281728639192347873e+04
1.286623221331825152e+04
1.291001325997536333e+04
1.294845430261738693e+04
1.298138519628204267e+04
1.300864149264399020e+04
1.303006743633823862e+04
1.304553060577279757e+04
1.305491308087938705e+04
1.305810510031600279e+04
1.305500552238699129e+04
1.304552229745081968e+04
1.302957292556817447e+04
1.300708489702844599e+04
1.297799611338228351e+04
1.294225528661066892e+04
1.289982231407942345e+04
1.285067857446610651e+04
1.279491165551081576e+04
1.273267140336558441e+04
1.266411688373562356e+04
1.258941525516449292e+04
1.250874119617521319e+04
1.242227632459871347e+04
1.233020861145450181e+04
1.223273179169201285e+04
1.213004477403719102e+04
1.202235105211604059e+04
1.190987253836352647e+04
1.179300958935525887e+04
1.167227438996167075e+04
1.154817012460467777e+04
1.142118735437240866e+04
1.129180282161321156e+04
1.116047844263432125e+04
1.102766048190850051e+04
1.089377890024445514e+04
1.075924686861044756e+04
1.062446078781740471e+04
1.048983799770485712e+04
1.035584810877178825e+04
1.022294573239745478e+04
1.009156255088773105e+04
9.962107872671087534e+03
9.834969360294011494e+03
9.710513912839862314e+03
9.589041003608539540e+03
9.470665344206721784e+03
9.355457465039602539e+03
9.243483248397051284e+03
9.134801010049655815e+03
9.029329690352766193e+03
8.926812175424702218e+03
8.826989803793903775e+03
8.729579320465036290e+03
8.634094395451480523e+03
8.539988249962181726e+03
8.446703692065242649e+03
8.353531940292728905e+03
8.259736935592080044e+03
8.164547952904692465e+03
8.067117744747785764e+03
7.966627423518028081e+03
7.862277000488818885e+03
7.753311848457585256e+03
7.639037419767102620e+03
7.518832886169431731e+03
7.392255570822442678e+03
7.259015208378497846e+03
7.119039939249205418e+03
6.972436956586930137e+03
6.819584675419278938e+03
6.661057570981749450e+03
6.497747115007953653e+03
6.330715212082563994e+03
6.161255791403372314e+03
5.990815028793017518e+03
5.821013666958919202e+03
5.653494999277226270e+03
5.489881349717044941e+03
5.331818674167393510e+03
5.180769381105641514e+03
5.037904059213970868e+03
4.904183257778475308e+03
4.780325710629736932e+03
4.666539576871947247e+03
4.562637432226329111e+03
4.467990374634031468e+03
4.381513882112326428e+03
4.301763595074285149e+03
4.226895659043844717e+03
4.154800499669619967e+03
4.083157442433258439e+03
4.009705201703539842e+03
3.932341173724621513e+03
3.849220955962241987e+03
3.759068239657912272e+03
3.661237216237884695e+03
3.555921281403333523e+03
3.444063658565447440e+03
3.327320632203272453e+03
3.208082997720596268e+03
3.089087727792742953e+03
2.973266984153187423e+03
2.863341722807663700e+03
2.761606428782141847e+03
2.669671806339369596e+03
2.588304860463359546e+03
2.517384867816942915e+03
2.455475430658513233e+03
2.400360607659437846e+03
2.349176955472067220e+03
2.298825802157353792e+03
2.246334706418188944e+03
2.189226042482286630e+03
2.126003409859666590e+03
2.056293808627740873e+03
1.981280327712144071e+03
1.903226336296075715e+03
1.825185387658515992e+03
1.750343526893241005e+03
1.681421143523527917e+03
1.620291778249482377e+03
1.567449836718504457e+03
1.522146462662631393e+03
1.482108374185913590e+03
1.444400948336725605e+03
1.405862348909681032e+03
1.364133129514014627e+03
1.318036855600722902e+03
1.267932501828795466e+03
1.215765967191240634e+03
1.164236529553699938e+03
1.116147041448167784e+03
1.073264778476927631e+03
1.036152927309022743e+03
1.003704982247942667e+03
9.738973385805286398e+02
9.440974869277206381e+02
9.124876891484296948e+02
8.783359780848877563e+02
8.425416864071789860e+02
8.069006489878115644e+02
7.735582612046061968e+02
7.436660344006671721e+02
7.173087022879776669e+02
6.932078762372534584e+02
6.697354095178520765e+02
6.453811590051631129e+02
6.199514833841836889e+02
5.941023618925469236e+02
5.693214516214110290e+02
5.465574312636445029e+02
5.260421085228626907e+02
5.069469723019155936e+02
4.881040118461087900e+02
4.689733370080090822e+02
4.495633789200439878e+02
4.308037407399665994e+02
4.133476239315256180e+02
3.971416663973641334e+02
3.818388130877496565e+02
3.667524623894312299e+02
3.516330371964187975e+02
3.369713106587644802e+02
3.231137388314864438e+02
3.099637473261664127e+02
2.973742649479406737e+02
2.852300967679632890e+02
2.734388729585192550e+02
2.619981338582072681e+02
2.509898730762739376e+02
2.404754571674659758e+02
2.304271666431482686e+02
2.207849355928249793e+02
2.114999365920095897e+02
2.025571340772380040e+02
1.939541564951593386e+02
1.856874859666388602e+02
1.777498505411630276e+02
1.701295157556876063e+02
1.628147591560843068e+02
1.557942518919709016e+02
1.490571295753943559e+02
1.425931178413049452e+02
1.363922892726311034e+02
1.304450096953920593e+02
1.247419334527765074e+02
1.192739913854248215e+02
1.140322868419616071e+02
1.090081348746563634e+02
1.041931488363531173e+02
9.957923409702920026e+01
9.515857935646367594e+01
9.092364814646424520e+01
8.686717052179469079e+01
8.298214489930415994e+01
7.926186070689348639e+01
7.569985212326623980e+01
7.228987823333375218e+01
6.902591676782544994e+01
6.590215793257704036e+01
6.291299833084060111e+01
6.005303498208994029e+01
5.731705944041451062e+01
5.470005201522111804e+01
5.219717422650487748e+01
4.980375579598084101e+01
4.751529747801001236e+01
4.532746915004246802e+01
4.323610430340844601e+01
4.123719466643395748e+01
3.932688496168818659e+01
3.750146779632872551e+01
3.575737868436997502e+01
3.409119119956365296e+01
3.249961225747170346e+01
3.097947711064352205e+01
2.952774305001978306e+01
2.814148701085113302e+01
2.681790225774444281e+01
2.555429421944197443e+01
2.434807644697846385e+01
2.319676669414402070e+01
2.209798311779061919e+01
2.104944059549525903e+01
2.004894715808449845e+01
1.909440053450812513e+01
1.818378478315415236e+01
1.731516690224954402e+01
1.648669382752197521e+01
1.569658949470795761e+01
1.494315190321831466e+01
1.422475027704212280e+01
1.353982232100488936e+01
1.288687156989798055e+01
1.226446482802510118e+01
1.167122969673519428e+01
1.110585218754229331e+01
1.056707430683285942e+01
1.005369076124562078e+01
9.564547524033061521e+00
9.098540594329994846e+00
8.654613972377529052e+00
8.231757697348376368e+00
7.829005958699970513e+00
7.445435278651375555e+00
7.080162763440212004e+00
6.732344421074284213e+00
6.401173543353754880e+00
6.085879156508531729e+00
5.785724620684901787e+00
5.500006149585728643e+00
5.228051336402266713e+00
4.969217827355327799e+00
4.722892049771821199e+00
4.488487990076286849e+00
4.265446019949566292e+00
4.053231768956131909e+00
3.851335041991858610e+00
3.659268779951139194e+00
3.476568052651372476e+00
3.302788878823155638e+00
3.137507349582633331e+00
2.980319015656132997e+00
2.830838043883093569e+00
2.688696395768990222e+00
2.553543040350087168e+00
2.425043200039998403e+00
2.302877628174872626e+00
2.186741917018014014e+00
2.076345835028792219e+00
1.971412692633152997e+00
1.871678751097717752e+00
1.776892642888942220e+00
1.686814789890366040e+00
1.601216869556435274e+00
1.519881305848494568e+00
1.442600782091626899e+00
1.369177774869005715e+00
1.299424108102289033e+00
1.233160526498293219e+00
1.170216287572484637e+00
1.110428770838403745e+00
1.053643045584999216e+00
9.997114827626640832e-01
9.484935268323833046e-01
8.998553783278223639e-01
8.536696783970848523e-01
8.098152075637354841e-01
7.681765980935364446e-01
7.286440593785579178e-01
6.911131157743414244e-01
6.554843563488345071e-01
6.216631960562590820e-01
5.895596570141924397e-01
5.590881609264271024e-01
5.301672991588951556e-01
5.027196318903423000e-01
4.766714999342593351e-01
4.519528451829744609e-01
4.284970392954460805e-01
4.062407202660835992e-01
3.851236365269448680e-01
3.650884982502148324e-01
3.460808355297019800e-01
3.280488567591952065e-01
3.109433079450144022e-01
2.947173693860603572e-01
2.793265422413477861e-01
2.647285360768610873e-01
2.508831617154038129e-01
2.377522291474574445e-01
2.252994502715821024e-01
2.134903462431253507e-01
2.022921592197367835e-01
1.916737683014845817e-01
1.816056084833014006e-01
1.720595915498776829e-01
1.630090373202161547e-01
1.544286056435854870e-01
1.462942304304754582e-01
1.385830568558227283e-01
1.312733815861404363e-01
1.243445958889107666e-01
1.177771314890089793e-01
1.115524090430495829e-01
1.056527891084524939e-01
1.000615249835189596e-01
9.476271611866861344e-02
8.974126831169199070e-02
8.498285461448595868e-02
8.047387700887806417e-02
7.620142995720972923e-02
7.215326573956029610e-02
6.831776149204087101e-02
6.468388786456057138e-02
6.124117922030199862e-02
5.797970530275513984e-02
5.489004408130659235e-02
5.196325474420233209e-02
4.919085461097317397e-02
4.656479686200539619e-02
4.407744848471379512e-02
4.172156931150762527e-02
3.949029210178753302e-02
3.737710361695595340e-02
3.537582663987573484e-02
3.348060289252295652e-02
3.168587680780472760e-02
2.998637997849806086e-02
2.837711522676081982e-02
2.685334358355789125e-02
2.541057207686485409e-02
2.404454113528296105e-02
2.275121261334367775e-02
2.152675842299552403e-02
2.036754974102896257e-02
1.927014676368227555e-02
1.823128898107938614e-02
1.724788594550370063e-02
1.631700847225207168e-02
1.543587979116445644e-02
1.460186790243826575e-02
1.381247860161664495e-02
1.306534835649021849e-02
1.235823753385524061e-02
1.168902397351182128e-02
1.105569689190192412e-02
1.045635109866662089e-02
9.889181510243521406e-03
9.352477945418545199e-03
8.844620169945464905e-03
8.364072777277744078e-03
7.909380839848424022e-03
7.479166227262155041e-03
7.072123610830245363e-03
6.687016650052089034e-03
6.322674377291772826e-03
5.977987770422962983e-03
5.651906503740786007e-03
5.343435867935296228e-03
5.051633850394368457e-03
4.775608357979601454e-03
4.514514191046095463e-03
4.267550515601577221e-03
4.033959120568630756e-03
3.813022202899928308e-03
3.604060224492933867e-03
3.406429882451641154e-03
3.219522186704902676e-03
3.042760639306586658e-03
2.875599510044048613e-03
2.717522203265669914e-03
2.568039709314028345e-03
2.426688977308179025e-03
2.293031445209112694e-03
2.166652037982386148e-03
2.047157944851755399e-03
1.934177428286590469e-03
1.827358696737767588e-03
1.726368837696646251e-03
1.630892807837638469e-03
1.540632477179727051e-03
1.455305724367837250e-03
1.374645579710502335e-03
1.298399235769501139e-03
1.226327091582478076e-03
1.158202462889262830e-03
1.093810946789053806e-03
1.032949753907706466e-03
9.754270772257044118e-04
9.210614955247513683e-04
8.696814095273446227e-04
8.211245089121663220e-04
7.752372684913665275e-04
7.318744719098916772e-04
6.908986945001682149e-04
6.521797565310087554e-04
6.155945287981350695e-04
5.810265910178638842e-04
5.483658636079683261e-04
5.175082599871471192e-04
4.883553582251524451e-04
4.608140909436398086e-04
4.347964524320456470e-04
4.102192220030274222e-04
3.870037026686205762e-04
3.650754209934776789e-04
3.443637414779186518e-04
3.248018561412410678e-04
3.063266362118666577e-04
2.888784261762813933e-04
2.724008496738668087e-04
2.568406265338595571e-04
2.421474002930575282e-04
2.282735755735944565e-04
2.151741647381590105e-04
2.028066432757907444e-04
1.911307955339758746e-04
1.801085092094139239e-04
1.697037411996443832e-04
1.598824410271546816e-04
1.506124384214865071e-04
1.418633374171300642e-04
1.336064166245409183e-04
1.258145352992730054e-04
1.184620448579248750e-04
1.115247055118637177e-04
1.049796077103690866e-04
9.880508984494955479e-05
9.298061604493511063e-05
8.748675908886082906e-05
8.230517103307587764e-05
7.741852187854462097e-05
7.281044168436806466e-05
6.846546611920477355e-05
6.436898523594860211e-05
6.050719526911329269e-05
5.686705326742348823e-05
5.343623438633462216e-05
5.020309161378798082e-05
4.715661731030842122e-05
4.428640797107918345e-05
4.158263108541550247e-05
3.903599344220151001e-05
3.663771125368426028e-05
3.437948199472726311e-05
3.225345785402592368e-05
3.025222070034650163e-05
2.836875847296562041e-05
2.659644291121899986e-05
2.492901016777362381e-05
2.336056431387017562e-05
2.188554653533172253e-05
2.049869443859802503e-05
1.919502632550964502e-05
1.796982692033832584e-05
1.681863379898502922e-05
1.573722448610395292e-05
1.472160418761002280e-05
1.376799412764946391e-05
1.287282046063923196e-05
1.203270521114482353e-05
1.124449057570290170e-05
1.050521999414483599e-05
9.812086481250277084e-06
9.162424771785179114e-06
8.553705727409661628e-06
7.983530835920902723e-06
7.449626813369364351e-06
6.949840318215377472e-06
6.482132785404436184e-06
6.044575387040738349e-06
5.635344672353363844e-06
5.252740444022132422e-06
4.895181768828009525e-06
4.561167056698692471e-06
4.249269351786716168e-06
3.958134244330395766e-06
3.686477657855806022e-06
3.433083538481605150e-06
3.196801470629232054e-06
2.976544241089036373e-06
2.771285371154936327e-06
2.580056741279937368e-06
2.401955631298977355e-06
2.236146316086333780e-06
2.081838807869060859e-06
1.938285578296897463e-06
1.804780312080713781e-06
1.680656561479032001e-06
1.565286324320045062e-06
1.458078565859165344e-06
1.358477702514108978e-06
1.265962063397242948e-06
1.180042334501430766e-06
1.100257434867186868e-06
1.026170462611349224e-06
9.573736398462362279e-07
8.934874637544102626e-07
8.341588994526065259e-07
7.790596688967193732e-07
7.278846330953364184e-07
6.803502646596346159e-07
6.361932075325905682e-07
5.951689206046248777e-07
5.570504002243382613e-07
5.216222805815453398e-07
4.886714403576030465e-07
4.580007890674204362e-07
4.294308098556348557e-07
4.027978479379384345e-07
3.779525787605671895e-07
3.547586356955368231e-07
3.330913794932846714e-07
3.128367938163852315e-07
2.938904930181036168e-07
2.761568299420308067e-07
2.595463095638165984e-07
2.439698132120889934e-07
2.293450347702013787e-07
2.155978623963690925e-07
2.026615059332671708e-07
1.904757242770645258e-07
1.789861398658154927e-07
1.681436291758001572e-07
1.579037796302346011e-07
1.482264046274901101e-07
1.390751095175413573e-07
1.304189986282370221e-07
1.222412342348216116e-07
1.145282713369657159e-07
1.072651195857905390e-07
1.004356500525575352e-07
9.402287957644432038e-08
8.800922612914367575e-08
8.237673589955522556e-08
7.710728316327736416e-08
7.218274428207134474e-08
6.758514738626696552e-08
6.329663446248373143e-08
5.929852893089982563e-08
5.557241038714246475e-08
5.210082506781045834e-08
4.886726775913355817e-08
4.585615565136789001e-08
4.305279930029037249e-08
4.044337134638992440e-08
3.801487356946782326e-08
3.575510278801901466e-08
3.365261604909433436e-08
3.169639952623728364e-08
2.987303195145850965e-08
2.816863153719030733e-08
2.657098240799120447e-08
2.506935928761311069e-08
2.365434679898607770e-08
2.231768430693988852e-08
2.105213216920142672e-08
1.985135592606101954e-08
1.870982550990247267e-08
1.762272701463693517e-08
1.658602264387258867e-08
1.559836884250554287e-08
1.466005290252856266e-08
1.377096657858456589e-08
1.293060842634474565e-08
1.213814329017152955e-08
1.139245804404999883e-08
1.069221315951954026e-08
1.003588984152880046e-08
9.421832616360495478e-09
8.848287375486269131e-09
8.313411451899449242e-09
7.814753718932959915e-09
7.349411540767371311e-09
6.914721338357651149e-09
6.508265139271661439e-09
6.127845744345242764e-09
5.771464622021376038e-09
5.437302206884745533e-09
5.123700319727867687e-09
4.829146461867214613e-09
4.552259767125249342e-09
4.291778217550932210e-09
4.046538810225044247e-09
3.815466671808987040e-09
3.597579069762195595e-09
3.391977592118833812e-09
3.197840203670302797e-09
3.014414100766605142e-09
2.841009275959692125e-09
2.676992714359301956e-09
2.521783152888208769e-09
2.374846341780625129e-09
2.235691838039644491e-09
2.103966737678517279e-09
1.979499379047019865e-09
1.862106278055958539e-09
1.751576764222567091e-09
1.647678691727436839e-09
1.550163605927309153e-09
1.458771370074503973e-09
1.373234266433546289e-09
1.293280593446375485e-09
1.218637786269487527e-09
1.149034843696208140e-09
1.084133162229392653e-09
1.023453253904902143e-09
9.665498204040776894e-10
9.130324839525532938e-10
8.625591076713395783e-10
8.148300792645052367e-10
7.695833994725496183e-10
7.265904423552688563e-10
6.856522756366050303e-10
6.465964469269895165e-10
6.092741692864342698e-10
5.735959062957737993e-10
