4.355582858613627195e+01
4.443366223091421574e+01
4.532918791139920955e+01
4.624276218915307624e+01
4.717474881151635202e+01
4.812551885641500604e+01
4.909545088008441382e+01
5.008493106776987958e+01
5.109435338746454391e+01
5.212411974674402870e+01
5.317464015276254941e+01
5.424633287265127279e+01
5.533962459185896421e+01
5.645495059133184412e+01
5.759275492310245426e+01
5.875349058699944038e+01
5.993761971091597474e+01
6.114561373470984762e+01
6.237795359780754723e+01
6.363512993058567702e+01
6.491764324960955435e+01
6.622600415680179253e+01
6.756073354603356051e+01
6.892236282483693799e+01
7.031143411535829557e+01
7.172850046496070320e+01
7.317412606638461625e+01
7.464888648234861535e+01
7.615336887467624649e+01
7.768817223803733896e+01
7.925390763840343311e+01
8.085119845630443081e+01
8.248068063498998015e+01
8.414300293017417687e+01
8.583882714746007991e+01
8.756882841754573121e+01
8.933369547431303204e+01
9.113413092889470590e+01
9.297085154922714878e+01
9.484458854523103355e+01
9.675608785973743409e+01
9.870611046527200472e+01
1.006954326668149378e+02
1.027248464106599783e+02
1.047951595986208702e+02
1.069071964017686440e+02
1.090617975913201718e+02
1.112598208774645201e+02
1.135021412505887071e+02
1.157896513293206056e+02
1.181232617155822311e+02
1.205039013567920563e+02
1.229325179153557457e+02
1.254100781456012328e+02
1.279375682782984285e+02
1.305159944108322634e+02
1.331463828800427507e+02
1.358297806756700652e+02
1.385672558760713571e+02
1.413598980732728876e+02
1.442088188061095195e+02
1.471151520020827661e+02
1.500800544281033808e+02
1.531047061503100224e+02
1.561903110031338144e+02
1.593380970678043695e+02
1.625493171580648948e+02
1.658252492691565578e+02
1.691671970835925265e+02
1.725764905324521976e+02
1.760544863253747394e+02
1.796025684893605501e+02
1.832221489183999097e+02
1.869146679341537833e+02
1.906815948579028088e+02
1.945244285939898532e+02
1.984446982249959888e+02
2.024439636164779017e+02
2.065238159550250998e+02
2.106858783524842238e+02
2.149318065794898871e+02
2.192632897280872442e+02
2.236820508815331152e+02
2.281898477975415176e+02
2.327884736052439223e+02
2.374797575161341001e+02
2.422655655492855544e+02
2.471478012711174301e+02
2.521284065479218839e+02
2.572093621791686360e+02
2.623926885846348682e+02
2.676804467913538019e+02
2.730747392680366374e+02
2.785777107568424071e+02
2.841915491218036891e+02
2.899184862142338943e+02
2.957607987554683859e+02
3.017208092372736132e+02
3.078008868402789631e+02
3.140034483694267919e+02
3.203309589834817075e+02
3.267859328927053184e+02
3.333709347365852409e+02
3.400885806523590418e+02
3.469415393061046302e+02
3.539325329443890382e+02
3.610643384668967428e+02
3.683397885204477120e+02
3.757617726148297947e+02
3.833332382608843432e+02
3.910571921308352898e+02
3.989367009000007442e+02
4.069748917964465136e+02
4.151749545543145814e+02
4.235401428220474145e+02
4.320737754372336781e+02
4.407792377267365964e+02
4.496599828325883550e+02
4.587195330641680471e+02
4.679614812771760057e+02
4.773894922799343590e+02
4.870073042675354600e+02
4.968187297812069687e+02
5.068276557426133877e+02
5.170380462803015007e+02
5.274539446918653312e+02
5.380794750136868743e+02
5.489188436214953981e+02
5.599763408623581427e+02
5.712563427187014895e+02
5.827633125049818545e+02
5.945018025976484068e+02
6.064764561990431275e+02
6.186920084250165246e+02
6.311532851285178367e+02
6.438652069573690824e+02
6.568327923250420781e+02
6.700611593314184802e+02
6.835555277202724938e+02
6.973212208745961789e+02
7.113636678504800557e+02
7.256884054502914978e+02
7.403010803358661178e+02
7.552074511825147738e+02
7.704133899664853971e+02
7.859248786637082276e+02
8.017480146519611708e+02
8.178890155122151100e+02
8.343542213655102842e+02
8.511500972448291122e+02
8.682832355117316183e+02
8.857603583185946263e+02
9.035883201172576946e+02
9.217741102149282142e+02
9.403248553782240151e+02
9.592478212811597587e+02
9.785504045725699598e+02
9.982401397722858292e+02
1.018324708067310212e+03
1.038811940155250568e+03
1.059709819071130141e+03
1.081026483065427556e+03
1.102770228534232729e+03
1.124949513002369486e+03
1.147572958160443704e+03
1.170649352956657594e+03
1.194187655701031417e+03
1.218196983636505593e+03
1.242686618814467693e+03
1.267666021037791324e+03
1.293144831359300497e+03
1.319132875408222844e+03
1.345640166773763667e+03
1.372676910446704369e+03
1.400253506319928420e+03
1.428380552748755008e+03
1.457068850172009206e+03
1.486329403052923226e+03
1.516173388362007699e+03
1.546612157815664204e+03
1.577657272802067155e+03
1.609320509316491325e+03
1.641613861646780379e+03
1.674549546113841188e+03
1.708140004867938160e+03
1.742397909741238664e+03
1.777336166157306479e+03
1.812967917098148973e+03
1.849306547579413291e+03
1.886365704011764365e+03
1.924159303514781413e+03
1.962701521373042851e+03
2.002006794321117241e+03
2.042089825023178946e+03
2.082965586620317936e+03
2.124649327346266546e+03
2.167156575212385178e+03
2.210503142762702282e+03
2.254705131899745993e+03
2.299778935351877863e+03
2.345741017397707765e+03
2.392607757964680786e+03
2.440395763642868133e+03
2.489121901564427390e+03
2.538803302054650885e+03
2.589457361262628638e+03
2.641101743769548648e+03
2.693754385172619550e+03
2.747433494642348251e+03
2.802157557451082994e+03
2.857945338457185699e+03
2.914816046683402874e+03
2.972789536155538826e+03
3.031886032892276944e+03
3.092126098082624139e+03
3.153530632628777767e+03
3.216120881722728882e+03
3.279918439455916541e+03
3.344945253461270568e+03
3.411223629587150299e+03
3.478776236602412155e+03
3.547626110780031468e+03
3.617796542169701752e+03
3.689310851909892790e+03
3.762192647454721282e+03
3.836465880276958160e+03
3.912154848722875613e+03
3.989284200821720333e+03
4.067878937046710689e+03
4.147964413024957139e+03
4.229566342193006676e+03
4.312710798395121856e+03
4.397424218419553654e+03
4.483733244212649879e+03
4.571664261861623345e+03
4.661243820923769817e+03
4.752498768068124264e+03
4.845456245784370367e+03
4.940143690897172746e+03
5.036588832880276641e+03
5.134819691964054982e+03
5.234864577030394685e+03
5.336752083288791255e+03
5.440511089727246144e+03
5.546170657093842237e+03
5.653759605320445189e+03
5.763306817237246833e+03
5.874841384284728520e+03
5.988392600001536266e+03
6.103989953107944530e+03
6.221663120234715279e+03
6.341441958289950890e+03
6.463356496455960041e+03
6.587436927808726068e+03
6.713713600552094249e+03
6.842216878221441220e+03
6.972976334711313029e+03
7.106021197219422902e+03
7.241380693853534467e+03
7.379084039233521253e+03
7.519160418248955466e+03
7.661638969255863231e+03
7.806548766705583148e+03
7.953918803198990645e+03
8.103777970960051789e+03
8.256155042722788494e+03
8.411078526948405852e+03
8.568575545966918071e+03
8.728672252542177375e+03
8.891394433828982073e+03
9.056767489888556156e+03
9.224816404503364538e+03
9.395565715255816031e+03
9.569039482871790824e+03
9.745261259831886491e+03
9.924254058252792674e+03
1.010604031704379486e+04
1.029064176137120921e+04
1.047807797419881354e+04
1.066836664262054546e+04
1.086152451594506965e+04
1.105756738527655943e+04
1.125651003888631749e+04
1.145836621684746569e+04
1.166314856495527056e+04
1.187086858795901571e+04
1.208153660213249714e+04
1.229516168721292161e+04
1.251175148412755152e+04
1.273130904557685426e+04
1.295383269002009183e+04
1.317931871534985112e+04
1.340776144817254135e+04
1.363915317740992032e+04
1.387348408761670726e+04
1.411074219209798139e+04
1.435091326591400139e+04
1.459398077886470855e+04
1.483992582854997272e+04
1.508872699404347986e+04
1.534035757885430212e+04
1.559478468377059471e+04
1.585197213769216978e+04
1.611188062126958175e+04
1.637446759160412512e+04
1.663968720819328882e+04
1.690749026029888773e+04
1.717782409591921896e+04
1.745063255255328841e+04
1.772585588995022408e+04
1.800343063830609753e+04
1.828328389191249880e+04
1.856532934324233793e+04
1.884947508554950400e+04
1.913562433386106204e+04
1.942367535827179745e+04
1.971352142244035713e+04
2.000505072764936995e+04
2.029814636279823026e+04
2.059268626069857783e+04
2.088854316104674581e+04
2.118558453435266347e+04
2.148366503012253816e+04
2.178261752137298390e+04
2.208226624907814767e+04
2.238242875979301971e+04
2.268291591454830996e+04
2.298353191143050935e+04
2.328407432244693337e+04
2.358433414526795241e+04
2.388409587042262137e+04
2.418313756450752771e+04
2.448123095804277182e+04
2.477813233546080301e+04
2.507356544650347132e+04
2.536724192230446351e+04
2.565886581019562436e+04
2.594813380450883778e+04
2.623473550586629062e+04
2.651835370959420470e+04
2.679866472382227221e+04
2.707533871775326770e+04
2.734804010049867429e+04
2.761642793068453830e+04
2.788014643915497800e+04
2.813879761398421033e+04
2.839196898324967333e+04
2.863924276962602744e+04
2.888019658717980928e+04
2.911440418440833309e+04
2.934143623313704666e+04
2.956086116266060708e+04
2.977224603827863757e+04
2.997515748312906362e+04
3.016916264196773409e+04
3.035382443802009948e+04
3.052867902676242011e+04
3.069325621673060959e+04
3.084708976731974326e+04
3.098971870271952866e+04
3.112068866290223741e+04
3.123955329132606857e+04
3.134587565522575460e+04
3.143922969398393980e+04
3.151920169068838368e+04
3.158539176161495197e+04
3.163742124475972378e+04
3.167496890239833738e+04
3.169774904014991625e+04
3.170549578628891322e+04
3.169796420702181422e+04
3.167493145063455086e+04
3.163619785568681618e+04
3.158158801753146327e+04
3.151095180741521472e+04
3.142416533842480567e+04
3.132113187258782636e+04
3.120180675818716190e+04
3.106640265431522857e+04
3.091528307286508425e+04
3.074883390726801372e+04
3.056746070179809612e+04
3.037158726229612512e+04
3.016165424785825599e+04
2.993811774922084805e+04
2.970144785944345494e+04
2.945212724233222980e+04
2.919064970387371432e+04
2.891755378998965170e+04
2.863381141709864096e+04
2.834066609381761373e+04
2.803933948355484608e+04
2.773102260678781749e+04
2.741687293840904022e+04
2.709801196172340497e+04
2.677552316308768786e+04
2.645045044887979020e+04
2.612379696462864740e+04
2.579652514538061223e+04
2.546964860413568022e+04
2.514430847842789444e+04
2.482160951004967865e+04
2.450260071948822952e+04
2.418827675557528710e+04
2.387957966540485722e+04
2.357740103978435945e+04
2.328246763226707480e+04
2.299505376694861116e+04
2.271532585150175510e+04
2.244343923997866659e+04
2.217953134657883857e+04
2.192341021395600910e+04
2.167446785989803902e+04
2.143209261630665787e+04
2.119560694067991062e+04
2.096380663498245121e+04
2.073532926895928176e+04
2.050879655671176806e+04
2.028250523882541165e+04
2.005469888768395685e+04
1.982353417606185394e+04
1.958697831224300899e+04
1.934305342339821073e+04
1.908976657097105272e+04
1.882522677729272618e+04
1.854776158214617317e+04
1.825591055373555719e+04
1.794860017413775495e+04
1.762510017215928019e+04
1.728523401466781797e+04
1.692927377564387280e+04
1.655814570262626512e+04
1.617324647302737139e+04
1.577672603032516054e+04
1.537115065607235920e+04
1.495966983224566320e+04
1.454582067216509859e+04
1.413357665643771179e+04
1.372685751117370637e+04
1.332951117963486649e+04
1.294570442688784897e+04
1.257905125434855654e+04
1.223212270661000548e+04
1.190731208666555722e+04
1.160663423429011891e+04
1.133046875230279875e+04
1.107822384523195615e+04
1.084841908838007294e+04
1.063845231101493846e+04
1.044482047083110410e+04
1.026303168532236123e+04
1.008796184244922188e+04
9.913994262427984722e+03
9.735660452655396512e+03
9.547851430615130084e+03
9.346036522781590975e+03
9.127118333128921222e+03
8.889564138791169171e+03
8.633856512424852554e+03
8.362279366591636062e+03
8.078836235774705528e+03
7.789331685959196875e+03
7.500410517290594726e+03
7.219182563560141716e+03
6.952269005366807505e+03
6.705257112926482478e+03
6.482041647604261925e+03
6.284478505983511241e+03
6.112281108585815673e+03
5.961966755011714667e+03
5.828152251683702161e+03
5.703874145241476981e+03
5.581614601612368460e+03
5.454164222451412570e+03
5.315500732879707357e+03
5.161991998922962921e+03
4.992737155218612315e+03
4.810600076350899144e+03
4.621078574218183348e+03
4.431600653372389388e+03
4.249889152755768919e+03
4.082540181578292959e+03
3.934117056317655170e+03
3.805816427375584226e+03
3.695810743396091311e+03
3.598591581435730859e+03
3.507040577930579275e+03
3.413478131246261000e+03
3.312164038644506945e+03
3.200236444098908578e+03
3.078574702102358515e+03
2.951911623012994369e+03
2.826803123591212170e+03
2.710043620184953397e+03
2.605922218325655649e+03
2.515812327645151981e+03
2.437028232038108854e+03
2.364654447984670242e+03
2.292295784664625444e+03
2.215543706860406928e+03
2.132625584555976729e+03
2.045717695697921727e+03
1.959178455331021269e+03
1.878220980901062831e+03
1.805640990822912045e+03
1.741643880238694919e+03
1.683127839048334181e+03
1.626138633375567679e+03
1.567006505802471793e+03
1.505261782013814582e+03
1.442498500821423704e+03
1.382329243738446394e+03
1.327057560665849905e+03
1.277246159485190219e+03
1.230883121324621243e+03
1.185132136529399077e+03
1.138681905158170139e+03
1.091552903768108763e+03
1.046003392604735836e+03
1.003619895840857225e+03
9.642719937831843708e+02
9.271165131061761713e+02
8.904865802396150229e+02
8.537763305193396945e+02
8.181772240198790769e+02
7.845303976483738779e+02
7.526015358365178827e+02
7.220337050080130439e+02
6.925472163525433871e+02
6.639177550481509797e+02
6.361393438374435618e+02
6.094110916081724554e+02
5.838820081548506096e+02
5.594847034222613047e+02
5.360732207388301731e+02
5.135289265333282174e+02
4.918153683628727322e+02
4.709268858529544559e+02
4.508550197013316847e+02
4.315821444652297032e+02
4.130797383949133064e+02
3.953193086195475985e+02
3.782733225821403380e+02
3.619153855330928309e+02
3.462205547577100901e+02
3.311647324408606892e+02
3.167245318540943231e+02
3.028772659687143118e+02
2.896009181903509102e+02
2.768738876846618382e+02
2.646750856294252685e+02
2.529841476384699774e+02
2.417814185445235466e+02
2.310479312875472431e+02
2.207653862647142944e+02
2.109161311398549969e+02
2.014831654579213307e+02
1.924501961263434566e+02
1.838015244485729909e+02
1.755219977276384782e+02
1.675969940737091122e+02
1.600124074287952283e+02
1.527546328167333911e+02
1.458105518269266838e+02
1.391675183393809903e+02
1.328133444976751321e+02
1.267362823058755339e+02
1.209249916925500656e+02
1.153685477833186610e+02
1.100564364319393746e+02
1.049785408342170285e+02
1.001251284638541108e+02
9.548683833471361027e+01
9.105466858693039001e+01
8.681996439397447318e+01
8.277440618743956691e+01
7.890999819606787469e+01
7.521905641779834184e+01
7.169419389313526381e+01
6.832831428198154811e+01
6.511460352990386014e+01
6.204651977265707075e+01
5.911778353915428852e+01
5.632236824996194002e+01
5.365449100544302752e+01
5.110860365760586177e+01
4.867938415968852439e+01
4.636172818746496205e+01
4.415074084451200775e+01
4.204172763097604815e+01
4.003018786014953889e+01
3.811180803168907261e+01
3.628245468011917296e+01
3.453816745830729218e+01
3.287515245447958989e+01
3.128977573660327849e+01
2.977855711803802308e+01
2.833816413842638937e+01
2.696540625387559942e+01
2.565722902877909561e+01
2.441070678957470008e+01
2.322303869240792196e+01
2.209154518792014343e+01
2.101366311571421619e+01
1.998694095749041111e+01
1.900903426719416345e+01
1.807770127245092340e+01
1.719079864170301164e+01
1.634627741159769343e+01
1.554217906931849136e+01
1.477663178037559888e+01
1.404784670235407695e+01
1.335411452961891854e+01
1.269380220590699793e+01
1.206534970541277652e+01
1.146726693816190057e+01
1.089813077712944001e+01
1.035658220281760222e+01
9.841323561130748132e+00
9.351115930509990903e+00
8.884776594406421424e+00
8.441176592560777792e+00
8.019237855338872123e+00
7.617931072007643856e+00
7.236274196930328806e+00
6.873330399086869491e+00
6.528206065528806334e+00
6.200048888354797505e+00
5.888046031959720317e+00
5.591422377425176116e+00
5.309438841027470879e+00
5.041390763946961506e+00
4.786606373792357871e+00
4.544445453143513447e+00
4.314297944407807783e+00
4.095582377949434694e+00
3.887744569320511268e+00
3.690256388465992465e+00
3.502614581656703141e+00
3.324339644046093944e+00
3.154974740820746693e+00
2.994084674988916284e+00
2.841254899922506461e+00
2.696090572468204716e+00
2.558215434333319216e+00
2.427270833898152791e+00
2.302915310977433183e+00
2.184823838138619578e+00
2.072687051544378711e+00
1.966210516616844428e+00
1.865114027009901143e+00
1.769130935438729013e+00
1.678007514975778713e+00
1.591502349479825940e+00
1.509385752017090132e+00
1.431439249192064889e+00
1.357455094038915622e+00
1.287235665427163722e+00
1.220592974126957664e+00
1.157348206319967820e+00
1.097331288011525352e+00
1.040380469427580890e+00
9.863419285182277729e-01
9.350693927258337812e-01
8.864237782110344632e-01
8.402728457584246469e-01
7.964908571556965633e-01
7.549582338355820266e-01
7.155613061482710702e-01
6.781920381045907220e-01
6.427477544934007136e-01
6.091308808606250569e-01
5.772486957635046823e-01
5.470130947391276255e-01
5.183403654510415626e-01
4.911509735013244171e-01
4.653693584179940945e-01
4.409237365970594125e-01
4.177459082882558628e-01
3.957710920831211676e-01
3.749377602558778277e-01
3.551874785868873730e-01
3.364647538885615630e-01
3.187168888734874250e-01
3.018938440208481233e-01
2.859481061127865376e-01
2.708345631272199849e-01
2.565103851879644847e-01
2.429349095546500525e-01
2.300695253157401532e-01
2.178775791525607575e-01
2.063242814945689674e-01
1.953766133599887656e-01
1.850032377581088683e-01
1.751744154398947317e-01
1.658619247882089642e-01
1.570389856486623659e-01
1.486801869114950658e-01
1.407614176637246028e-01
1.332598014546105269e-01
1.261536322534703713e-01
1.194223169459743689e-01
1.130463202541583390e-01
1.070071112310788247e-01
1.012871124085322483e-01
9.586965147569695422e-02
9.073891536515014955e-02
8.587990662864242175e-02
8.127840199060311355e-02
7.692091297272822537e-02
7.279464806678327682e-02
6.888747318906668360e-02
6.518788069927972106e-02
6.168496045729806448e-02
5.836836922088331492e-02
5.522830154475799613e-02
5.225546215434547642e-02
4.944103972047365209e-02
4.677668196497369174e-02
4.425447203054578421e-02
4.186690605156762057e-02
3.960687176681365607e-02
3.746762687693792893e-02
3.544278054367577813e-02
3.352627658895554474e-02
3.171237618880682479e-02
2.999564141418333343e-02
2.837091961656633757e-02
2.683332861544591302e-02
2.537824264692625092e-02
2.400127903476011876e-02
2.269828554705517407e-02
2.146532836049714829e-02
2.029867966830083831e-02
1.919480710825669997e-02
1.815036476791952874e-02
1.716218348056362461e-02
1.622726156579239534e-02
1.534275605158141875e-02
1.450597435289014726e-02
1.371436638325716426e-02
1.296551707700126059e-02
1.225713930080308926e-02
1.158706710596177879e-02
1.095324815800216046e-02
1.035373757718220308e-02
9.786694050046517573e-03
9.250374463190420490e-03
8.743128686430720609e-03
8.263394632748841465e-03
7.809693580305667598e-03
7.380625742608106984e-03
6.974866073651486524e-03
6.591160295563848123e-03
6.228321132624794164e-03
5.885224358473862237e-03
5.560805224380907345e-03
5.254056016486255073e-03
4.964023083173735827e-03
4.689803940711731803e-03
4.430544534104988337e-03
4.185436644789612172e-03
3.953715437259708483e-03
3.734657137143595693e-03
3.527576833653470190e-03
3.331826398014846313e-03
3.146792024976266099e-03
2.971891853350039012e-03
2.806575398471075102e-03
2.650322025688004769e-03
2.502639323486195808e-03
2.363061566307206492e-03
2.231148262034426347e-03
2.106482779403943094e-03
1.988671050869502202e-03
1.877340346706393758e-03
1.772138116318374345e-03
1.672730712923299048e-03
1.578802032384613897e-03
1.490053095413213435e-03
1.406201227379813698e-03
1.326979161098718399e-03
1.252134189866097470e-03
1.181427367869215209e-03
1.114632755252779103e-03
1.051536705288810044e-03
9.919371912464121799e-04
9.356431706987997131e-04
8.824738464715450306e-04
8.322577031385737165e-04
7.848325180724974011e-04
7.400450112593517883e-04
6.977503431610110199e-04
6.578116416353480510e-04
6.200995561723438975e-04
5.844918378104472373e-04
5.508729431991546237e-04
5.191336613689578276e-04
4.891707618590420336e-04
4.608866173560290688e-04
4.341886949303013030e-04
4.089894836584883784e-04
3.852063130366141790e-04
3.627610792177277739e-04
3.415799872004769136e-04
3.215933081270893907e-04
3.027351507652500506e-04
2.849432463075195318e-04
2.681587456773505988e-04
2.523260285822853384e-04
2.373925046389097678e-04
2.233083235620952726e-04
2.100263273968714793e-04
1.975019748666299044e-04
1.856931927757933336e-04
1.745602357991694789e-04
1.640655546065513803e-04
1.541736718005782094e-04
1.448510651802610496e-04
1.360660578744624192e-04
1.277887149194176285e-04
1.199907478411345671e-04
1.126454413819803253e-04
1.057275536105414690e-04
9.921322006591365308e-05
9.307987800950630786e-05
8.730619519142368697e-05
8.187200263897063057e-05
7.675823122888033483e-05
7.194685181972569588e-05
6.742081873482565170e-05
6.316401639898346955e-05
5.916121456317532387e-05
5.539810133041850315e-05
5.186119610260299807e-05
4.853772743165881331e-05
4.541559627315687188e-05
4.248334323742672793e-05
3.973011730447625298e-05
3.714564594295624572e-05
3.472020657565622509e-05
3.244459933618672789e-05
3.031012106357967588e-05
2.830854482404267613e-05
2.643219673831983602e-05
2.467390543407774599e-05
2.302685557155516107e-05
2.148456969332176596e-05
2.004089638170975871e-05
1.868999838191437942e-05
1.742634074333456151e-05
1.624467902641645351e-05
1.514004761722046842e-05
1.410774818718899088e-05
1.314333977932989350e-05
1.224268755172044637e-05
1.140195335060346590e-05
1.061749126167185886e-05
9.885836382446706877e-06
9.203700403663044209e-06
8.567966742184590309e-06
7.975685309821700417e-06
7.424066994804576387e-06
6.910477925342383020e-06
6.432433577709029853e-06
5.987592942973149464e-06
5.573766589613441307e-06
5.188916631232733599e-06
4.831122849140884008e-06
4.498575465187942052e-06
4.189570940516901561e-06
3.902507658129756922e-06
3.635881535572897331e-06
3.388281608344641626e-06
3.158385619330215097e-06
2.944955644678408383e-06
2.746833718574322882e-06
2.562919559159535232e-06
2.392148702659305240e-06
2.233533512845778383e-06
2.086163708218612525e-06
1.949200085394507396e-06
1.821868767719363028e-06
1.703455933937703588e-06
1.593302985733943231e-06
1.490802116581079671e-06
1.395392247628808833e-06
1.306555294770675624e-06
1.223799296211324371e-06
1.146631601689253078e-06
1.074598494158486949e-06
1.007289880751470906e-06
9.443346970786655161e-07
8.853968352577910704e-07
8.301715306541336539e-07
7.783821509298285944e-07
7.297773384128167990e-07
6.841284631841916111e-07
6.412273497954355090e-07
6.008897649902110227e-07
5.629690917838562034e-07
5.273325010989761879e-07
4.938533845686091264e-07
4.624111571490708481e-07
4.328910575577989129e-07
4.051839474340233913e-07
3.791861101471426660e-07
3.547990500884986597e-07
3.319292931976633551e-07
3.104881893940741557e-07
2.903947015753622185e-07
2.715878353122771124e-07
2.540115177600104564e-07
2.376082074326302064e-07
2.223196555511012753e-07
2.080875708783928653e-07
1.948541853707158428e-07
1.825627283327399106e-07
1.711578171143514076e-07
1.605857725015457836e-07
1.507948668782456465e-07
1.417325799155098675e-07
1.333271294067646284e-07
1.255047516340721168e-07
1.182010918268860171e-07
1.113600361128542205e-07
1.049326568704277592e-07
9.887631725932848385e-08
9.315390779400122857e-08
8.773319240972867365e-08
8.258624521977473976e-08
7.768896224532401789e-08
7.302183784486332000e-08
6.858091082445172542e-08
6.436910116971520853e-08
6.038691184317404194e-08
5.663264542684584676e-08
5.310274883614030358e-08
4.979213574016250926e-08
4.669448377834503340e-08
4.380250485011721848e-08
4.110818775953615437e-08
3.860301332487786480e-08
3.627785323111551231e-08
3.411895392363004161e-08
3.211013792216557866e-08
3.023695982737982895e-08
2.848660645323582471e-08
2.684770097973785082e-08
2.531013342977386570e-08
2.386491357491611308e-08
2.250404297732040963e-08
2.122040337806997650e-08
2.000765906388203379e-08
1.886021476358780436e-08
1.777416041748074739e-08
1.674696775755013387e-08
1.577617816323894116e-08
1.485935135354303748e-08
1.399407623450199013e-08
1.317798034234188758e-08
1.240873797187846777e-08
1.168407708141468136e-08
1.100178506573176425e-08
1.035971348802165160e-08
9.755776481094378176e-09
9.187728429708428667e-09
8.653147349754972175e-09
8.149781898251371764e-09
7.675560672114169214e-09
7.228576205690925997e-09
6.807070495162525666e-09
6.409421891707350749e-09
6.034133222948662723e-09
5.679821017764694043e-09
5.345205723280839796e-09
5.029104571153445278e-09
4.730581680464229117e-09
4.449016930029097506e-09
4.183791642041056115e-09
3.934262723798843235e-09
3.699770899467106894e-09
3.479648006054032185e-09
3.273223396552504604e-09
3.079829500292800377e-09
2.898806595590729454e-09
2.729506853006526743e-09
2.571297332669073918e-09
2.423454587630846278e-09
2.285053881333938339e-09
2.155234731472720210e-09
2.033231746946898029e-09
1.918363757043685629e-09
1.810024333826412791e-09
1.707673506117607198e-09
1.610830493593925247e-09
1.519067314895189950e-09
1.432003145103596169e-09
1.349299334508453214e-09
1.270709038944575972e-09
