3.112464379111407098e+01
3.168161794317984459e+01
3.224855910771810130e+01
3.282564563628976373e+01
3.341305907165112643e+01
3.401098420484631646e+01
3.461960913332084289e+01
3.523912532007449272e+01
3.586972765387240258e+01
3.651161451053317819e+01
3.716498781531344520e+01
3.783005310640808716e+01
3.850701959999150148e+01
3.919610025893677374e+01
3.989751185833411995e+01
4.061147505218117004e+01
4.133821444277739943e+01
4.207795865136968416e+01
4.283094039006173404e+01
4.359739653501018353e+01
4.437756820093058963e+01
4.517170081693602413e+01
4.598004420373246859e+01
4.680285265219597335e+01
4.764038500333242609e+01
4.849290472780182881e+01
4.936068000715354742e+01
5.024398382098647176e+01
5.114309403311935398e+01
5.205829347896924020e+01
5.298987005449432530e+01
5.393811680672605036e+01
5.490333202592196216e+01
5.588581933936637824e+01
5.688588780684769830e+01
5.790385201784629032e+01
5.894003219045808351e+01
5.999475427181184273e+01
6.106835003873820256e+01
6.216115720308139458e+01
6.327351951876407554e+01
6.440578688987385192e+01
6.555831548067980918e+01
6.673146782761624252e+01
6.792561295326810011e+01
6.914112648239766656e+01
7.037839076004355832e+01
7.163779497173317168e+01
7.291973526584446574e+01
7.422461487807834146e+01
7.555284425268162352e+01
7.690484116733546216e+01
7.828103087231536961e+01
7.968184622496517022e+01
8.110772782573808115e+01
8.255912415666666959e+01
8.403649172231078524e+01
8.554029519322440933e+01
8.707100755198536035e+01
8.862911024183920006e+01
9.021509331799622089e+01
9.182945560163618381e+01
9.347270483451096368e+01
9.514535782555529408e+01
9.684794062081762434e+01
9.858098867459230519e+01
1.003450470176308045e+02
1.021406704283387938e+02
1.039684236070303598e+02
1.058288813532972910e+02
1.077226287465456096e+02
1.096502613297588198e+02
1.116123852965428398e+02
1.136096176815136545e+02
1.156425865537883624e+02
1.177119311968436790e+02
1.198183022981432941e+02
1.219623621766454988e+02
1.241447849928718483e+02
1.263662569604745016e+02
1.286274765615794706e+02
1.309291547659747437e+02
1.332720152542092933e+02
1.356567946446772339e+02
1.380842427247523290e+02
1.405551226860482075e+02
1.430702113638801620e+02
1.456302994711037400e+02
1.482361917918961467e+02
1.508887074680570208e+02
1.535886802790585364e+02
1.563369589033769103e+02
1.591344071844308701e+02
1.619819044012567986e+02
1.648803455440103676e+02
1.678306415943775107e+02
1.708337198109822737e+02
1.738905240198810702e+02
1.770020149102352036e+02
1.801691703338042601e+02
1.833929855404033447e+02
1.866744734513550270e+02
1.900146650660843193e+02
1.934146097921877754e+02
1.968753757735283330e+02
2.003980502241656723e+02
2.039837397682238418e+02
2.076335707858009130e+02
2.113486897650328160e+02
2.151302636604119982e+02
2.189794802574774053e+02
2.228975485439901831e+02
2.268856990466757964e+02
2.309451840100961704e+02
2.350772779243749255e+02
2.392832780057408399e+02
2.435645046007654173e+02
2.479223015976385796e+02
2.523580368447375122e+02
2.568731025766018661e+02
2.614689158474617443e+02
2.661469189724420517e+02
2.709085799765745719e+02
2.757553930517738650e+02
2.806888790150317732e+02
2.857105854958588793e+02
2.908220872901504777e+02
2.960249871914811592e+02
3.013209165141663561e+02
3.067115355985286556e+02
3.121985343250694882e+02
3.177836326376890383e+02
3.234685810761247922e+02
3.292551613177579952e+02
3.351451867289657685e+02
3.411405029261730988e+02
3.472429883467754053e+02
3.534545546627153385e+02
3.597771466060996204e+02
3.662127431100705621e+02
3.727633582099784917e+02
3.794310416619203465e+02
3.862178795718398874e+02
3.931259950356111972e+02
4.001575487902824193e+02
4.073147398766816991e+02
4.145998063135716052e+02
4.220150257835624075e+02
4.295627163309779917e+02
4.372452370408490196e+02
4.450649876496563024e+02
4.530244088807185676e+02
4.611259844479966432e+02
4.693722418959019933e+02
4.777657533641998953e+02
4.863091363660653315e+02
4.950050545795014614e+02
5.038562186523600417e+02
5.128653870211870753e+02
5.220353667441202106e+02
5.313690143480796451e+02
5.408692366905023619e+02
5.505389911946217580e+02
5.603812840668010722e+02
5.703991731971254922e+02
5.805957700344247314e+02
5.909742405084407437e+02
6.015378059671477331e+02
6.122897441298139256e+02
6.232333900560447546e+02
6.343721371310900849e+02
6.457094380676610399e+02
6.572488059245265504e+02
6.689938151421729344e+02
6.809481024622006089e+02
6.931153638477222785e+02
7.054993544212846928e+02
7.181038940120135976e+02
7.309328685271910899e+02
7.439902310633317484e+02
7.572800030351876330e+02
7.708062753229364716e+02
7.845732094378707870e+02
7.985850387068250029e+02
8.128460694756429348e+02
8.273606823319719297e+02
8.421333333476857206e+02
8.571685534352120612e+02
8.724709423883264208e+02
8.880451758859942402e+02
9.038960092524777110e+02
9.200282787581363664e+02
9.364469029398763951e+02
9.531568839417573145e+02
9.701633088760687542e+02
9.874713512051262114e+02
1.005086272144102509e+03
1.023013422085147226e+03
1.041258242043111295e+03
1.059826264502245749e+03
1.078723098047785925e+03
1.097954425509370139e+03
1.117526022578093716e+03
1.137443760195786808e+03
1.157713606008491297e+03
1.178341625839254675e+03
1.199333985180448735e+03
1.220696950705757445e+03
1.242436891802060245e+03
1.264560282121383580e+03
1.287073701153106640e+03
1.309983835816617102e+03
1.333297484582797324e+03
1.357021567777724613e+03
1.381163122043601788e+03
1.405729299257657885e+03
1.430727368283258102e+03
1.456164716744442785e+03
1.482048852824089636e+03
1.508387407085966743e+03
1.535188134320878362e+03
1.562458915417167873e+03
1.590207759255818246e+03
1.618442804630382852e+03
1.647172316189492449e+03
1.676404543036586801e+03
1.706147702562654558e+03
1.736410120070715948e+03
1.767200236653595766e+03
1.798526610231228233e+03
1.830397916580363699e+03
1.862822950356168121e+03
1.895810626104962921e+03
1.929369979267473809e+03
1.963510167171886678e+03
1.998240470016009567e+03
2.033570291837786499e+03
2.069509207830787091e+03
2.106067110782487362e+03
2.143254084832947228e+03
2.181080362549935217e+03
2.219556326715275191e+03
2.258692512122897369e+03
2.298499607388424465e+03
2.338988456770098765e+03
2.380170062000849157e+03
2.422055584131293017e+03
2.464656345383454209e+03
2.507983831014937550e+03
2.552049685763103753e+03
2.596865600975158941e+03
2.642443309954552660e+03
2.688794694229927245e+03
2.735931789297723753e+03
2.783866785769756461e+03
2.832612030505304119e+03
2.882180027726851677e+03
2.932583440118573890e+03
2.983835089906619942e+03
3.035947959920314588e+03
3.088935194633266747e+03
3.142810101182278231e+03
3.197586067834333335e+03
3.253276330332494126e+03
3.309894188908212072e+03
3.367453076382814743e+03
3.425966557673179523e+03
3.485448329229504452e+03
3.545912218403223051e+03
3.607372182743369649e+03
3.669842309219254275e+03
3.733336813367661762e+03
3.797870038362533251e+03
3.863456454005254272e+03
3.930110645976929845e+03
3.997847133233003660e+03
4.066680368486756834e+03
4.136624893306733611e+03
4.207695341634527722e+03
4.279906437151592399e+03
4.353272990523461885e+03
4.427809896519015638e+03
4.503532131002476490e+03
4.580454747795441108e+03
4.658592875406915482e+03
4.737961713628650614e+03
4.818576529978561666e+03
4.900452516646880213e+03
4.983604428710167667e+03
5.068046927954566854e+03
5.153794676553606223e+03
5.240862330835283501e+03
5.329264534853889927e+03
5.419015913763852950e+03
5.510131066993951208e+03
5.602624561219256975e+03
5.696510923129187177e+03
5.791804631989627524e+03
5.888520111997194363e+03
5.986671696457112375e+03
6.086273150622059802e+03
6.187337698303480465e+03
6.289878397341479285e+03
6.393908141447292110e+03
6.499439648881329958e+03
6.606485450873041373e+03
6.715057879783404132e+03
6.825169057010096367e+03
6.936830880636069196e+03
7.050055012822761455e+03
7.164852866948808696e+03
7.281235594385082550e+03
7.399213742070185617e+03
7.518796477814972604e+03
7.639992359238126483e+03
7.762809519231419472e+03
7.887255648086112160e+03
8.013337975348545115e+03
8.141063251412148020e+03
8.270437728853519729e+03
8.401467143520641912e+03
8.534156695382485850e+03
8.668511029149478418e+03
8.804534214674546092e+03
8.942229642683776547e+03
9.081598735952771676e+03
9.222641104866122987e+03
9.365355514875989684e+03
9.509739890012255273e+03
9.655791287554187875e+03
9.803505872590101717e+03
9.952878892489301506e+03
1.010390465131069323e+04
1.025657648417445489e+04
1.041088673162416126e+04
1.056682671400711297e+04
1.072438670515254671e+04
1.088355490383341566e+04
1.104431532829393655e+04
1.120665006923842157e+04
1.137053979290081043e+04
1.153596370983829365e+04
1.170289954414346175e+04
1.187132350313118513e+04
1.204121024756055704e+04
1.221253286245132949e+04
1.238526282855741010e+04
1.255936999456129342e+04
1.273482255005412117e+04
1.291158675167715955e+04
1.308962355769021087e+04
1.326888928473982196e+04
1.344933806645706682e+04
1.363092188746873398e+04
1.381359055740182703e+04
1.399729168667417980e+04
1.418197066418092800e+04
1.436757063698888487e+04
1.455403249215120195e+04
1.474129484075646360e+04
1.492929400432560578e+04
1.511796399921446573e+04
1.530723327622950274e+04
1.549701870814000176e+04
1.568723266342304305e+04
1.587778450332165448e+04
1.606858058312452522e+04
1.625952425822023542e+04
1.645051589511824568e+04
1.664145288762786004e+04
1.683222967838112891e+04
1.702273778588293499e+04
1.721286583726590106e+04
1.740249960692270542e+04
1.759152125042687112e+04
1.777979953108342306e+04
1.796719256678535385e+04
1.815355490131586339e+04
1.833873773485279889e+04
1.852258901723791132e+04
1.870495355124869820e+04
1.888567310606625688e+04
1.906458654111585929e+04
1.924152994043211584e+04
1.941633675767958994e+04
1.958883797193393184e+04
1.975886223814486220e+04
1.992622883240231386e+04
2.009073607474191886e+04
2.025217671293086823e+04
2.041034107867925923e+04
2.056501736140954745e+04
2.071599189843712884e+04
2.086304948146107563e+04
2.100597367920191755e+04
2.114454717596021146e+04
2.127855212579916770e+04
2.140777052198780439e+04
2.153198458126640980e+04
2.165097611545428663e+04
2.176451577493883815e+04
2.187236743292004394e+04
2.197429634948818057e+04
2.207006981664482009e+04
2.215945768355876862e+04
2.224223289557827229e+04
2.231817204579218378e+04
2.238705593783303993e+04
2.244867015850071766e+04
2.250280565868642952e+04
2.254925934096803030e+04
2.258783468006447947e+04
2.261835061153993229e+04
2.264065376729035779e+04
2.265460208212966972e+04
2.266006236313994668e+04
2.265691075593214191e+04
2.264503320027503651e+04
2.262432587331269679e+04
2.259469561857479493e+04
2.255606035897687252e+04
2.250834949200412302e+04
2.245150426528258322e+04
2.238547813075493468e+04
2.231024753853442598e+04
2.222591385458120931e+04
2.213265756753880487e+04
2.203066965577675001e+04
2.192015007027371030e+04
2.180130718657908074e+04
2.167435724916981053e+04
2.153952381002179027e+04
2.139703716317588260e+04
2.124713377704537925e+04
2.109005572616196514e+04
2.092605012401036947e+04
2.075536936336267900e+04
2.057838514311308609e+04
2.039570139904652024e+04
2.020793990968005528e+04
2.001570975572869793e+04
1.981960603513101887e+04
1.962020874280051794e+04
1.941808181079137648e+04
1.921377230381109621e+04
1.900780976437163190e+04
1.880070570134020090e+04
1.859295321522669838e+04
1.838503065079517910e+04
1.817747097110161849e+04
1.797085014662629692e+04
1.776572130734831808e+04
1.756261270596768372e+04
1.736202824434572176e+04
1.716444814974979454e+04
1.697032978847317645e+04
1.678010476625347292e+04
1.659405012862944204e+04
1.641226469787881433e+04
1.623483138592541036e+04
1.606182820616424033e+04
1.589332820889398681e+04
1.572929040056693884e+04
1.556942395288418993e+04
1.541341407404569873e+04
1.526095689212018260e+04
1.511163550813350957e+04
1.496478552285710430e+04
1.481973377626728507e+04
1.467579620300106217e+04
1.453211675403960362e+04
1.438780539483684879e+04
1.424196971487887640e+04
1.409358556803111605e+04
1.394162868203205653e+04
1.378510679510379123e+04
1.362305039876383489e+04
1.345454876905515266e+04
1.327876565745155494e+04
1.309494225355196977e+04
1.290249521078874022e+04
1.270101996849466923e+04
1.249029388985661535e+04
1.227036446471443560e+04
1.204145753650791448e+04
1.180413825446013107e+04
1.155914641597979607e+04
1.130759958284263485e+04
1.105075655328939320e+04
1.079017392161655334e+04
1.052751759227010371e+04
1.026477208326320033e+04
1.000391436247443198e+04
9.746913558423140785e+03
9.495717366217486415e+03
9.252420648013876416e+03
9.018809095753298607e+03
8.796207297989098151e+03
8.585813932744498743e+03
8.388743095361851374e+03
8.205500006073516488e+03
8.036039340351822830e+03
7.879859159439695759e+03
7.736124098129618687e+03
7.603391159354639967e+03
7.479898333016788456e+03
7.363391186995077987e+03
7.251381806144794609e+03
7.141039459674105274e+03
7.029582691849405819e+03
6.914335761389471372e+03
6.792838631340468055e+03
6.662939118074575163e+03
6.523236001780033803e+03
6.372972853892475541e+03
6.212374081254959492e+03
6.042386486425250951e+03
5.864850766048662990e+03
5.682322919516553156e+03
5.497965117567370726e+03
5.315291093435563198e+03
5.137822777079983098e+03
4.968844043883496852e+03
4.811124503332455788e+03
4.666653652666256676e+03
4.536584247498180957e+03
4.421080959352384525e+03
4.319003109130180746e+03
4.228119236155084764e+03
4.145281579301864440e+03
4.066930556707954565e+03
3.989230221383091703e+03
3.908581599865029148e+03
3.821915780948166230e+03
3.727152278060126264e+03
3.623413607196568591e+03
3.511471033618133333e+03
3.393352011690996278e+03
3.272438776844163840e+03
3.152500973051957317e+03
3.037434231813101633e+03
2.930497850062670295e+03
2.834062821075279317e+03
2.749046126877647566e+03
2.674980718438067925e+03
2.609677684998162022e+03
2.549970183850977719e+03
2.491945192434267028e+03
2.431933807102461742e+03
2.367231595935163114e+03
2.296494078611106033e+03
2.220081281462110383e+03
2.140049904736998542e+03
2.059618738082026084e+03
1.982260998049651334e+03
1.910996076706389658e+03
1.847322723648530882e+03
1.791464912134711540e+03
1.741764741283611556e+03
1.695707489173949170e+03
1.650002831925444298e+03
1.602243310633975398e+03
1.551017981070106316e+03
1.496822567041177763e+03
1.441242956961478058e+03
1.386939425195410195e+03
1.336297315870044713e+03
1.290507270104842064e+03
1.249612750577193992e+03
1.212035642680301862e+03
1.175862653028497334e+03
1.138992333501461644e+03
1.100544359886937855e+03
1.060829213021838541e+03
1.021161108302935872e+03
9.833875311796120968e+02
9.484599221539758673e+02
9.166499856474067656e+02
8.869895840563900720e+02
8.579478551405039752e+02
8.286780743572771826e+02
7.988323498684969763e+02
7.690786670975151083e+02
7.406568191761416529e+02
7.140686740596278241e+02
6.891734667097790634e+02
6.655282059265839507e+02
6.422775390040947059e+02
6.189046897864527637e+02
5.959102612596466315e+02
5.739007524421198241e+02
5.529809035383813125e+02
5.329592532486688015e+02
5.136666016886821353e+02
4.949688651183394654e+02
4.767531326343953992e+02
4.590056557469263794e+02
4.418269244154097350e+02
4.253079694240213939e+02
4.094622126375950302e+02
3.942175566573882293e+02
3.795041037684834464e+02
3.652699383330414094e+02
3.515045119348433218e+02
3.382050297382776307e+02
3.253674236780879596e+02
3.129842965068756939e+02
3.010417867204687923e+02
2.895253771060862391e+02
2.784209878660601021e+02
2.677149688336961617e+02
2.573942735701461970e+02
2.474464897238443086e+02
2.378595480937070761e+02
2.286216957971239196e+02
2.197214918480094923e+02
2.111478023896503657e+02
2.028897284537057146e+02
1.949365170448999720e+02
1.872777192059999720e+02
1.799032093830943779e+02
1.728031768698340613e+02
1.659681174182380801e+02
1.593888250153459296e+02
1.530563838248660602e+02
1.469621631970412636e+02
1.410978508545148600e+02
1.354554280313558365e+02
1.300271242031845986e+02
1.248054099547878906e+02
1.197829909984048697e+02
1.149528022675748389e+02
1.103080020895129678e+02
1.058419664387193535e+02
1.015482832742628148e+02
9.742074696292482372e+01
9.345335272824738126e+01
8.964028494672379566e+01
8.597590777625809721e+01
8.245477198553444964e+01
7.907161096454470339e+01
7.582133541785209729e+01
7.269902817384705429e+01
6.969993910930767811e+01
6.681948018847545256e+01
6.405322061575091652e+01
6.139688210104149846e+01
5.884633423669522756e+01
5.639758998488579778e+01
5.404680083572613825e+01
5.179025042397802991e+01
4.962435241600373814e+01
4.754564748474179936e+01
4.555079926937070667e+01
4.363659044001523313e+01
4.179991886782200083e+01
4.003779389855954207e+01
3.834733272787398306e+01
3.672575687632070895e+01
3.517038876228470912e+01
3.367864837088855978e+01
3.224805000925385201e+01
3.087619882434791663e+01
2.956078768747212493e+01
2.829959473423408411e+01
2.709048051019505365e+01
2.593138516240464853e+01
2.482032571474653437e+01
2.375539342516032448e+01
2.273475122282059502e+01
2.175663122337080324e+01
2.081933232033378545e+01
1.992121785083753949e+01
1.906071333381942523e+01
1.823630403519148402e+01
1.744653180115413704e+01
1.668999410900931579e+01
1.596534257745555685e+01
1.527128100671205146e+01
1.460656348284119943e+01
1.396999254502040344e+01
1.336041741394969229e+01
1.277673227962235636e+01
1.221787464672475032e+01
1.168282373596879431e+01
1.117059893970142959e+01
1.068025833012121950e+01
1.021089721677154927e+01
9.761646755257906705e+00
9.331672606778496970e+00
8.920173641685023469e+00
8.526380687984104867e+00
8.149555323567962972e+00
7.788988710810906824e+00
7.444000472202128016e+00
7.113937605720872526e+00
6.798173438692508341e+00
6.496106618897776741e+00
6.207160141740319048e+00
5.930780332402004973e+00
5.666435632252702526e+00
5.413616074450636972e+00
5.171832584272188171e+00
4.940616158862834340e+00
4.719517077384684178e+00
4.508104140598468312e+00
4.305963938861213869e+00
4.112700147552684093e+00
3.927932848974535762e+00
3.751297879795671530e+00
3.582446203147205743e+00
3.421043306353199753e+00
3.266768678921090796e+00
3.119315253291944590e+00
2.978388787365569890e+00
2.843707344931765579e+00
2.715000800819862281e+00
2.592010364956249813e+00
2.474488124656044175e+00
2.362196604496421770e+00
2.254908343140735738e+00
2.152405486502579013e+00
2.054479396659214974e+00
1.960930275943129519e+00
1.871566766415002858e+00
1.786205465548290849e+00
1.704670755286469275e+00
1.626794540349253859e+00
1.552415935107800848e+00
1.481380963035213494e+00
1.413542268263046742e+00
1.348758838776286328e+00
1.286895740796598853e+00
1.227823863920091796e+00
1.171419676591683556e+00
1.117564991513791961e+00
1.066146741491957872e+00
1.017056788187090222e+00
9.701917129417433339e-01
9.254525867534663108e-01
8.827447791424233303e-01
8.419777765421548876e-01
8.030650081029164777e-01
7.659236786178643674e-01
7.304746082931421469e-01
6.966420790931693308e-01
6.643536874024544847e-01
6.335402027549065229e-01
6.041354323908463275e-01
5.760760858840036081e-01
5.493016332764708576e-01
5.237542075718747414e-01
4.993784974521129350e-01
4.761216369803159543e-01
4.539330999346018469e-01
4.327645985849875587e-01
4.125699867326787507e-01
3.933051668380209143e-01
3.749280010701673826e-01
3.573982261181317677e-01
3.406773716091222037e-01
3.247286818348166793e-01
3.095170372895172384e-01
2.950088836438776174e-01
2.811721675914694019e-01
2.679762712560755378e-01
2.553919491894903748e-01
2.433912680701377229e-01
2.319475489898965292e-01
2.210353122211052845e-01
2.106302243600332302e-01
2.007090477473253420e-01
1.912495920699668062e-01
1.822306680531517176e-01
1.736320421271417558e-01
1.654343911349534235e-01
1.576192656274277848e-01
1.501690521908136955e-01
1.430669362156047619e-01
1.362968662906275663e-01
1.298435201530434568e-01
1.236922721278158749e-01
1.178291619929653089e-01
1.122408652095602671e-01
1.069146644579722916e-01
1.018384224243314845e-01
9.700055572256037484e-02
9.239000872853773971e-02
8.799623011037691067e-02
8.380915158228485762e-02
7.981916618821760512e-02
7.601710748315407273e-02
7.239422963791714016e-02
6.894218842735380659e-02
6.565302306340757565e-02
6.251913883624472812e-02
5.953329052817242506e-02
5.668856656659328197e-02
5.397837388367704436e-02
5.139642284514893411e-02
4.893671189576172947e-02
4.659351651098365271e-02
4.436137714992634262e-02
4.223508714065382641e-02
4.020968111205382167e-02
3.828042394795950348e-02
3.644280024027984899e-02
3.469250421890913982e-02
3.302543013716967985e-02
3.143766309246669166e-02
2.992547026273089522e-02
2.848529250245445191e-02
2.711373564957070270e-02
2.580756311751712315e-02
2.456368938290780582e-02
2.337917303665275684e-02
2.225121012302962858e-02
2.117712778335918353e-02
2.015437819050818619e-02
1.918053276105399080e-02
1.825327663253785079e-02
1.737040339379665455e-02
1.652981005689903998e-02
1.572949225972283122e-02
1.496753947252037198e-02
1.424213014249284953e-02
1.355152825257848088e-02
1.289407951693674267e-02
1.226820756526905351e-02
1.167241030390574197e-02
1.110525644552693390e-02
1.056538219975847182e-02
1.005148811723566293e-02
9.562336080070125283e-03
9.096746431975529304e-03
8.653595241617696374e-03
8.231811650903485961e-03
7.830374684100251462e-03
7.448311137233639377e-03
7.084694037049812758e-03
6.738640477178013850e-03
6.409309532000398782e-03
6.095900269106504892e-03
5.797649855670996936e-03
5.513831754313180782e-03
5.243754004207717284e-03
4.986757583417055634e-03
4.742214848606108799e-03
4.509528048462966773e-03
4.288127788975418936e-03
4.077471446465261509e-03
3.877042257135236095e-03
3.686348171340593938e-03
3.504920674286325470e-03
3.332313663072827056e-03
3.168102377384580948e-03
3.011882381247602946e-03
2.863268593405420264e-03
2.721894363982465571e-03
2.587410595215743937e-03
2.459484904143289814e-03
2.337800796291104356e-03
2.222056476162045588e-03
2.111964312441380956e-03
2.007250567748620172e-03
1.907654735963724155e-03
1.812928899688518673e-03
1.722837119255545609e-03
1.637154851709808840e-03
1.555668398269281555e-03
1.478174378846114053e-03
1.404479232282274505e-03
1.334398741021915365e-03
1.267757578965698516e-03
1.204388792348236314e-03
1.144133232797555624e-03
1.086839434888501980e-03
1.032363296373088515e-03
9.805677171547163683e-04
9.313222562681709076e-04
8.845028059461070621e-04
8.399912819008644154e-04
7.976753289962339784e-04
7.574480415268816267e-04
7.192076973639626109e-04
6.828575052642192828e-04
6.483053486526700561e-04
6.154633444056761913e-04
5.842477327595566776e-04
5.545788672279997143e-04
5.263810136788501810e-04
4.995821547296352885e-04
4.741138042137233040e-04
4.499108311795731738e-04
4.269112929154976629e-04
4.050562765203385746e-04
3.842897485669246531e-04
3.645584124302081648e-04
3.458115728311935712e-04
3.280009617236875614e-04
3.110805455250533901e-04
2.950065383366083649e-04
2.797373136493779087e-04
2.652332954441840641e-04
2.514568549920571331e-04
2.383722130432551977e-04
2.259453471109270706e-04
2.141439035722931855e-04
2.029371143258882054e-04
1.922957177582921065e-04
1.821918837876912011e-04
1.725991376970456657e-04
1.634922323978435629e-04
1.548471188342717447e-04
1.466409380392761025e-04
1.388519617515399009e-04
1.314595350300137584e-04
1.244440219161333536e-04
1.177867539732517120e-04
1.114699815428736986e-04
1.054768275666470779e-04
9.979124383188172189e-05
9.439796950665770578e-05
8.928249184278746206e-05
8.443101151271397808e-05
7.983041076306361802e-05
7.546821294589438724e-05
7.133254972233720457e-05
6.741213118552736390e-05
6.369621750245530421e-05
6.017459199359030138e-05
5.683753557366616368e-05
5.367580248133533980e-05
5.068059722941340096e-05
4.784355271124970927e-05
4.515670940233462461e-05
4.261249923390027737e-05
4.020376552069003859e-05
3.792372009790013462e-05
3.576589411949675814e-05
3.372412342747520151e-05
3.179253513838566119e-05
2.996553478280438297e-05
2.823779397616744003e-05
2.660423860020543133e-05
2.506003747500040518e-05
2.360059150244998426e-05
2.222152326264708539e-05
2.091866712234090884e-05
1.968808803690260236e-05
1.852610459009982398e-05
1.742920767711982354e-05
1.639404305574257100e-05
1.541740639656954230e-05
1.449623834301107504e-05
1.362761959554517392e-05
1.280876603342554851e-05
1.203702388573391280e-05
1.130986496246538412e-05
1.062488195518528548e-05
9.979783815712095504e-06
9.372395411015256564e-06
8.800693058314900899e-06
8.262771215473035911e-06
7.756806645680611585e-06
7.281056327655177571e-06
6.833855717058988325e-06
6.413616853801889406e-06
6.018826340814456187e-06
5.648043217854975926e-06
5.299896751959400799e-06
4.973084164263668251e-06
4.666368311126012082e-06
4.378575363282146236e-06
4.108599327128671641e-06
3.855406271715929985e-06
3.618015319150778331e-06
3.395494584356405820e-06
3.186959669204083974e-06
2.991572094329759739e-06
2.808537684971146770e-06
2.637104925496354208e-06
2.476563295721949981e-06
2.326241600642551978e-06
2.185506303813992915e-06
2.053759873348073953e-06
1.930437896337739152e-06
1.814996658070352796e-06
1.706919877239996533e-06
1.605725171006994241e-06
1.510961959853401349e-06
1.422209397893084234e-06
1.339074433157181283e-06
1.261189990247514035e-06
1.188213268137470026e-06
1.119824146273459911e-06
1.055723692489181729e-06
9.956327665907037348e-07
9.392906449134927361e-07
8.864413349947100814e-07
