6.413773375509309460e+01
6.528547364953408305e+01
6.645375228914642207e+01
6.764293722612572424e+01
6.885340259065287682e+01
7.008552920863100155e+01
7.133970472152930142e+01
7.261632370837159556e+01
7.391578780990954556e+01
7.523850585501739374e+01
7.658489398935110160e+01
7.795537580630927721e+01
7.935038247447423032e+01
8.077035283094612339e+01
8.221573354045747806e+01
8.368697925733945908e+01
8.518455276851894098e+01
8.670892513892765407e+01
8.826057585950981377e+01
8.983999299787404880e+01
9.144767335163905386e+01
9.308412260451714815e+01
9.474985548518857570e+01
9.644539592901377034e+01
9.817127724298582336e+01
9.992804230357579343e+01
1.017162437534603043e+02
1.035364441301102971e+02
1.053892160375356184e+02
1.072751423264325723e+02
1.091948162775566828e+02
1.111488417883750941e+02
1.131378335630618039e+02
1.151624173058922622e+02
1.172232299180971893e+02
1.193209196982443530e+02
1.214561465462020209e+02
1.236295821657360534e+02
1.258419102427727978e+02
1.280938266783228130e+02
1.303860398231943236e+02
1.327192707007542651e+02
1.350942532335947135e+02
1.375117344742532168e+02
1.399724748400552414e+02
1.424772483521627464e+02
1.450268428788903918e+02
1.476220603833758389e+02
1.502637171756770158e+02
1.529526441693132028e+02
1.556896871377612115e+02
1.584757069768038207e+02
1.613115799817525158e+02
1.641981981235529702e+02
1.671364693291269816e+02
1.701273177667185905e+02
1.731716841363436572e+02
1.762705259654329950e+02
1.794248179097578486e+02
1.826355520597397799e+02
1.859037382522301414e+02
1.892304043878689583e+02
1.926165967470432179e+02
1.960633802761782931e+02
1.995718389471102512e+02
2.031430761168547576e+02
2.067782148741748358e+02
2.104783983922693267e+02
2.142447902877608499e+02
2.180785749860991700e+02
2.219809580934876294e+02
2.259531667754557418e+02
2.299964501421898433e+02
2.341120796407504088e+02
2.383013494538630255e+02
2.425655768812781332e+02
2.469061027373593049e+02
2.513242918053394135e+02
2.558215332687941839e+02
2.603992411475749122e+02
2.650588547415270568e+02
2.698018390821297885e+02
2.746296853921894581e+02
2.795439115537520820e+02
2.845460625843511480e+02
2.896377111217677225e+02
2.948204579174369542e+02
3.000959323119956252e+02
3.054657926000836028e+02
3.109317266417257315e+02
3.164954524539942327e+02
3.221587187493096280e+02
3.279233054831886420e+02
3.337910244117497882e+02
3.397637196591521160e+02
3.458432682951397510e+02
3.520315809228793000e+02
3.583306022772620736e+02
3.647423118338720087e+02
3.712687244260636135e+02
3.779118907420293567e+02
3.846738978945485314e+02
3.915568702430975350e+02
3.985629700724165332e+02
4.056943982683300760e+02
4.129533950055807168e+02
4.203422404478902195e+02
4.278632554604621419e+02
4.355188023351544189e+02
4.433112855285364162e+02
4.512431524130614093e+02
4.593168940415954467e+02
4.675350458305954930e+02
4.759001878763377817e+02
4.844149460765072490e+02
4.930819931408718730e+02
5.019040494235948699e+02
5.108838837700097883e+02
5.200243143783911819e+02
5.293282096769714826e+02
5.387984892164893154e+02
5.484381245785305055e+02
5.582501402999412221e+02
5.682376148136057736e+02
5.784036813911857280e+02
5.887515285056813354e+02
5.992844005494977182e+02
6.100055995735981469e+02
6.209184863662386533e+02
6.320264814928992791e+02
6.433330663545112884e+02
6.548417842643000313e+02
6.665562415435717867e+02
6.784801086367647258e+02
6.906171212461314326e+02
7.029710814863478845e+02
7.155458590594295174e+02
7.283453920871227183e+02
7.413736866665370826e+02
7.546348192780944828e+02
7.681329386722389927e+02
7.818722671417236825e+02
7.958571018155643060e+02
8.100918159755525494e+02
8.245808603956882052e+02
8.393287647049356792e+02
8.543401387737033019e+02
8.696196741244664281e+02
8.851721453669276798e+02
9.010024115918411098e+02
9.171154154815627635e+02
9.335161839677080025e+02
9.502098324522213488e+02
9.672015665405627942e+02
9.844966836137164137e+02
1.002100574427204833e+03
1.020018724737476191e+03
1.038256716956208265e+03
1.056820231832936088e+03
1.075715050166488254e+03
1.094947054545750916e+03
1.114522231120207152e+03
1.134446670052697527e+03
1.154726561728922661e+03
1.175368202812076106e+03
1.196378000140530730e+03
1.217762472621420102e+03
1.239528253155225002e+03
1.261682090592595387e+03
1.284230851723876640e+03
1.307181523301915377e+03
1.330541214098681394e+03
1.354317156996199174e+03
1.378516711112420353e+03
1.403147363688234009e+03
1.428216723763234768e+03
1.453732522047290104e+03
1.479702622309353501e+03
1.506135024192436276e+03
1.533037865493520258e+03
1.560419424480135376e+03
1.588288122244134456e+03
1.616652525093267059e+03
1.645521346981057604e+03
1.674903451975632606e+03
1.704807856768012698e+03
1.735243733220542708e+03
1.766220407234286995e+03
1.797747347239128658e+03
1.829834177997689039e+03
1.862490688077299865e+03
1.895726832521699407e+03
1.929552735563094529e+03
1.963978693375483772e+03
1.999015176869959532e+03
2.034672834532473871e+03
2.070962495304695494e+03
2.107895171508503154e+03
2.145482061814745975e+03
2.183734553035717909e+03
2.222664190030445297e+03
2.262282672185023785e+03
2.302601890158792685e+03
2.343633930718070133e+03
2.385391079731454283e+03
2.427885825205051333e+03
2.471130860358066911e+03
2.515139086739075083e+03
2.559923617383444707e+03
2.605497780012242856e+03
2.651875120273071389e+03
2.699069405023199124e+03
2.747094632480620930e+03
2.795965059184385154e+03
2.845695183829783218e+03
2.896299743221037716e+03
2.947793715917076042e+03
3.000192325927019738e+03
3.053511046455832911e+03
3.107765603700634529e+03
3.162971980698268908e+03
3.219146421224620553e+03
3.276305433746275867e+03
3.334465795424957378e+03
3.393644543617391719e+03
3.453858680036320948e+03
3.515125136922864840e+03
3.577461069156019676e+03
3.640883870727589965e+03
3.705411176906984110e+03
3.771060866391385844e+03
3.837851063439934478e+03
3.905800139990887146e+03
3.974926717760072734e+03
4.045249670319427878e+03
4.116788125154072986e+03
4.189561465696591767e+03
4.263589435235053315e+03
4.338892458703716329e+03
4.415491365096591835e+03
4.493407293026183652e+03
4.572661694566217193e+03
4.653276339123733123e+03
4.735273317340248468e+03
4.818675045021811457e+03
4.903504267097556294e+03
4.989784061606666910e+03
5.077537843713183975e+03
5.166789369748541503e+03
5.257562723193709644e+03
5.349881936542859876e+03
5.443770973619201868e+03
5.539254081354088157e+03
5.636355806718086569e+03
5.735100998342393723e+03
5.835514808085247751e+03
5.937622692540870958e+03
6.041450414488719616e+03
6.147024044280392445e+03
6.254369961162082291e+03
6.363514854529807053e+03
6.474485725115991045e+03
6.587309959231060020e+03
6.702015537697670879e+03
6.818630845362025866e+03
6.937184612450263558e+03
7.057705916599647935e+03
7.180224184840436465e+03
7.304769195525978830e+03
7.431371080208802596e+03
7.560060325460894092e+03
7.690867774635396017e+03
7.823824629567666307e+03
7.958962452213492725e+03
8.096312988988309371e+03
8.235904842272917449e+03
8.377763503719103028e+03
8.521914226874872838e+03
8.668382119340447389e+03
8.817192123659287972e+03
8.968368997629182559e+03
9.121937294028766701e+03
9.277921339754950168e+03
9.436345214367418521e+03
9.597232728036782646e+03
9.760607398893176651e+03
9.926492430328038608e+03
1.009491584013310603e+04
1.026592366976908488e+04
1.043956709806753315e+04
1.061589879856934931e+04
1.079497298523821519e+04
1.097684545962125594e+04
1.116157365951138490e+04
1.134921670917006668e+04
1.153983547116991213e+04
1.173349259992094812e+04
1.193025259694497800e+04
1.213018186796661030e+04
1.233334490799090599e+04
1.253973937690754065e+04
1.274930095567490025e+04
1.296195656284786492e+04
1.317762586352320795e+04
1.339622099407291353e+04
1.361764629145421713e+04
1.384179802828784159e+04
1.406856415496427144e+04
1.429782405010584080e+04
1.452944828077834973e+04
1.476329837391036745e+04
1.499922662172978380e+04
1.523713892163172568e+04
1.547714020680234535e+04
1.571938388246758950e+04
1.596403313098260151e+04
1.621126115909401051e+04
1.646125146335126556e+04
1.671419811551184102e+04
1.697030606986588828e+04
1.722979149449537363e+04
1.749288212857935650e+04
1.775981766796164084e+04
1.803085018131152538e+04
1.830623245961982320e+04
1.858603680600336156e+04
1.887018092493665608e+04
1.915856987036935607e+04
1.945109980808177352e+04
1.974765766798992263e+04
2.004812080109082308e+04
2.035235664236875164e+04
2.066022238106039367e+04
2.097156463975940278e+04
2.128621916391742707e+04
2.160401052337667352e+04
2.192475185991346734e+04
2.224828777002688366e+04
2.257458350720095041e+04
2.290362665938424107e+04
2.323540414372346640e+04
2.356990220564139236e+04
2.390710641816748466e+04
2.424700168152275364e+04
2.458957222296019245e+04
2.493480159686125262e+04
2.528267268509114365e+04
2.563316769761173782e+04
2.598626817335413216e+04
2.634195196531114925e+04
2.670015258024984723e+04
2.706076750988646745e+04
2.742368846571369068e+04
2.778880206352575624e+04
2.815598976126873094e+04
2.852512780175173248e+04
2.889608716053007083e+04
2.926873349927699383e+04
2.964292712496399326e+04
3.001852295517009770e+04
3.039537048984468856e+04
3.077331378832212431e+04
3.115219034185542841e+04
3.153182901219931227e+04
3.191205245726963767e+04
3.229267765322862761e+04
3.267351591173562701e+04
3.305437290648931230e+04
3.343504870939652756e+04
3.381533783669848344e+04
3.419502930537385691e+04
3.457390670013036288e+04
3.495174825128495286e+04
3.532832692382315145e+04
3.570340874195719516e+04
3.607673138864516659e+04
3.644801024712600338e+04
3.681695389788650937e+04
3.718326462094462477e+04
3.754663859508011228e+04
3.790676611651008716e+04
3.826333183734046179e+04
3.861601502408005763e+04
3.896448983646529086e+04
3.930842562679003458e+04
3.964748725989287050e+04
3.998133542694986681e+04
4.030961494861738902e+04
4.063193556099141279e+04
4.094789766367417178e+04
4.125709765955391049e+04
4.155912848815483449e+04
4.185358018822218582e+04
4.214004048924719973e+04
4.241809543152505648e+04
4.268733001422098459e+04
4.294732887080176442e+04
4.319767697106237756e+04
4.343796034885376866e+04
4.366776530372426350e+04
4.388666231719966163e+04
4.409421284691938490e+04
4.428998181741129520e+04
4.447353875253194565e+04
4.464445872804227838e+04
4.480232334562317556e+04
4.494672172613629664e+04
4.507725151976911002e+04
4.519351993052616308e+04
4.529514475236857106e+04
4.538175541413153405e+04
4.545299409648459550e+04
4.550853647433946026e+04
4.554812038688786561e+04
4.557150653694862558e+04
4.557847236113301915e+04
4.556881278147504054e+04
4.554234093506165664e+04
4.549888887891286140e+04
4.543830826736173185e+04
4.536047099918777531e+04
4.526526983178434602e+04
4.515261895966912562e+04
4.502245455469490844e+04
4.487475674504695780e+04
4.470975870733392367e+04
4.452785262165119639e+04
4.432944872956108156e+04
4.411497217190489755e+04
4.388486183000325400e+04
4.363956916520785308e+04
4.337955706034817558e+04
4.310529866648130701e+04
4.281727625821987749e+04
4.251598010075685306e+04
4.220190733155330963e+04
4.187556262226744002e+04
4.153770819523112004e+04
4.118961220199702802e+04
4.083258005904438323e+04
4.046788800860718766e+04
4.009678074225352611e+04
3.972046939464153547e+04
3.934012989529721381e+04
3.895690166482942732e+04
3.857188664084484481e+04
3.818614861793956516e+04
3.780071288550765894e+04
3.741657769908134651e+04
3.703492074084911292e+04
3.665706636572000571e+04
3.628429143206314620e+04
3.591781978735930170e+04
3.555882428699058073e+04
3.520842920674664492e+04
3.486771301948311157e+04
3.453770452927779843e+04
3.421914968899341329e+04
3.391246755368809681e+04
3.361804542857936030e+04
3.333626009054522001e+04
3.306747879763766832e+04
3.281182596992253093e+04
3.256888839399426070e+04
3.233819653483741058e+04
3.211929905679271906e+04
3.191145578852625113e+04
3.171329791360749368e+04
3.152341165927190013e+04
3.134032419627955096e+04
3.116206893456455145e+04
3.098654334247628503e+04
3.081159320404341997e+04
3.063467515286547496e+04
3.045318065391433993e+04
3.026433185843081083e+04
3.006503129635357982e+04
2.985225414728096075e+04
2.962319315014134190e+04
2.937521127813396743e+04
2.910592323621589094e+04
2.881321623510824065e+04
2.849541890691035587e+04
2.815155415323048874e+04
2.778112967867665793e+04
2.738458579449344325e+04
2.696290691145058372e+04
2.651824214899109575e+04
2.605327770586404949e+04
2.557179387182548817e+04
2.507806113000136247e+04
2.457749436591719495e+04
2.407566493526136037e+04
2.357833358097421296e+04
2.309146011217867999e+04
2.262187639555841452e+04
2.217557929033783512e+04
2.175716009567777655e+04
2.137116511551967778e+04
2.102230890393600203e+04
2.071338037717642510e+04
2.044538626950264370e+04
2.021796002633463286e+04
2.002967811359543703e+04
1.987696780482946633e+04
1.975496500088154426e+04
1.965668109165235001e+04
1.957384386687869119e+04
1.949632174250225944e+04
1.941343738848026624e+04
1.931412368850619168e+04
1.918744175647697193e+04
1.902307123965242135e+04
1.881323974333473598e+04
1.855260779130787705e+04
1.823993501293098598e+04
1.787724342274483570e+04
1.747071854532811267e+04
1.703022919801248645e+04
1.656890130642872464e+04
1.610182482278601310e+04
1.564453242474292892e+04
1.521197978593067637e+04
1.481720914469499257e+04
1.447011797192659105e+04
1.417722014047140874e+04
1.394092996020461214e+04
1.375786069552978552e+04
1.361951319982746827e+04
1.351265596276465112e+04
1.342138848222481647e+04
1.332744416720726440e+04
1.321265711429118528e+04
1.306044801024194021e+04
1.285870857432513185e+04
1.260137357123986476e+04
1.229128151499074920e+04
1.193837069123443143e+04
1.156016093648634705e+04
1.117658170641378092e+04
1.080836169176980729e+04
1.047295535709456635e+04
1.018312216726584847e+04
9.944264074099422942e+03
9.754721391511662659e+03
9.603896095946121932e+03
9.475762003655956505e+03
9.349824538849448800e+03
9.206238168244708504e+03
9.029951211577368667e+03
8.813314463205262655e+03
8.558428013635140815e+03
8.276971171389204756e+03
7.987192278623172569e+03
7.708230594827739878e+03
7.456498051912812116e+03
7.239759468296732848e+03
7.059053299838920793e+03
6.905534867234564445e+03
6.765996204195853352e+03
6.623226788750590458e+03
6.464827019127023959e+03
6.283881803773751017e+03
6.083742782939823883e+03
5.873507820944638297e+03
5.667159159652087510e+03
5.476892389635050677e+03
5.308053935963790536e+03
5.160401480603716664e+03
5.025943502006408380e+03
4.895507422141815368e+03
4.759553773345000991e+03
4.614564300113219360e+03
4.462869747245986218e+03
4.310786564013837960e+03
4.166648498392810325e+03
4.034249799691624048e+03
3.914127520995376472e+03
3.802145703702599349e+03
3.692072695731856129e+03
3.580983546926040162e+03
3.468195493603387149e+03
3.356352904416985893e+03
3.249988134776801417e+03
3.150726326734969462e+03
3.057621827206610305e+03
2.969108038487262547e+03
2.882792747730407882e+03
2.797221099602757931e+03
2.713823498764001670e+03
2.634361855046841811e+03
2.559073143646970038e+03
2.487268306830508209e+03
2.418382130487971153e+03
2.352119807025233968e+03
2.288252697936389723e+03
2.226697530091997123e+03
2.167546797800762761e+03
2.110887153255246631e+03
2.056667810617819669e+03
2.004675756673015712e+03
1.954702852001340261e+03
1.906572612342529510e+03
1.860178209482532566e+03
1.815432016111055418e+03
1.772251266862369448e+03
1.730548488014763052e+03
1.690216470138749855e+03
1.651150983698222262e+03
1.613254807481991065e+03
1.576437232928911271e+03
1.540612355557146429e+03
1.505698293093050779e+03
1.471618703974574828e+03
1.438302614883179103e+03
1.405684130492267741e+03
1.373702182176342831e+03
1.342303558494227673e+03
1.311447103005403505e+03
1.281096012612293180e+03
1.251216397413922323e+03
1.221777162723753918e+03
1.192749899430789355e+03
1.164108781606605817e+03
1.135830470331924289e+03
1.107894826516904459e+03
1.080296387648116252e+03
1.053040295274248365e+03
1.026131811914108084e+03
9.995760173492914191e+02
9.733777990636669983e+02
9.475418430676147636e+02
9.220726251259100081e+02
8.969744024074693698e+02
8.722512055743128485e+02
8.479068313261569756e+02
8.239448626081280054e+02
8.003714676336613820e+02
7.771973992065529728e+02
7.544327809729275032e+02
7.320865255298219836e+02
7.101663757429660109e+02
6.886789474029237681e+02
6.676297729712538285e+02
6.470233461797923837e+02
6.268631672579879250e+02
6.071517885756038595e+02
5.878908605004629635e+02
5.690811772837081435e+02
5.507226804386574486e+02
5.328142985028566727e+02
5.153541847612709716e+02
4.983398650117457009e+02
4.817682781856086081e+02
4.656358159853297707e+02
4.499383616578495548e+02
4.346713278253881185e+02
4.198296933048204096e+02
4.054080388557766810e+02
3.914005818062206572e+02
3.778012095124944949e+02
3.646035064939387098e+02
3.518005601055199918e+02
3.393849405140523459e+02
3.273490620277224821e+02
3.156852303874056247e+02
3.043856628324255098e+02
2.934425071547984203e+02
2.828478597530734078e+02
2.725937826995094042e+02
2.626723198367164400e+02
2.530755119220813185e+02
2.437954108401937674e+02
2.348240929052126944e+02
2.261536332246750476e+02
2.177759518625040300e+02
2.096829929436083830e+02
2.018668132892080962e+02
1.943195877793356203e+02
1.870336140903109197e+02
1.800013169230658150e+02
1.732152517448523383e+02
1.666681080667025583e+02
1.603527122787580481e+02
1.542620300652806122e+02
1.483891684208352331e+02
1.427273756467927228e+02
1.372699812932459338e+02
1.320103899691276013e+02
1.269421681457900917e+02
1.220590485705106545e+02
1.173549284037762277e+02
1.128238672241159861e+02
1.084600849120786421e+02
1.042579594244632659e+02
1.002120244694478686e+02
9.631696709277341029e+01
9.256762518468420353e+01
8.895898491686770626e+01
8.548616970499462298e+01
8.214440452577090923e+01
7.892904897803155961e+01
7.583560940172175435e+01
7.285973519870400139e+01
6.999721518547667642e+01
6.724397398975636975e+01
6.459606849337308176e+01
6.204968432370429809e+01
5.960113239565960441e+01
5.724684550601715216e+01
5.498337498172601556e+01
5.280738703610368390e+01
5.071564837080706667e+01
4.870502269926181071e+01
4.677248248518453977e+01
4.491510643697424143e+01
4.313007613922228245e+01
4.141467277253064339e+01
3.976627392027654651e+01
3.818235046092414819e+01
3.666046354446255151e+01
3.519826165151716424e+01
3.379347773366613694e+01
3.244392643347315186e+01
3.114749990703992566e+01
2.990215996877714844e+01
2.870594153298099371e+01
2.755695237017836874e+01
2.645337055030377016e+01
2.539344196783217811e+01
2.437547794714301119e+01
2.339785292584977583e+01
2.245900221388188100e+01
2.155741982614988927e+01
2.069165638667201179e+01
1.986031710208908763e+01
1.906205973875933068e+01
1.829559095222767340e+01
1.755966455395650172e+01
1.685308198317208905e+01
1.617469066362109231e+01
1.552338229433553352e+01
1.489809120118471775e+01
1.429779274718389637e+01
1.372150179959258587e+01
1.316827125189398195e+01
1.263719059880613926e+01
1.212738456253242170e+01
1.163801176851318075e+01
1.116826322818468142e+01
1.071736033832662294e+01
1.028455462517504593e+01
9.869126913538805113e+00
9.470386202237014217e+00
9.087668581574344984e+00
8.720336191355556821e+00
8.367776217971897523e+00
8.029399929142650549e+00
7.704641744943677040e+00
7.392958343803537780e+00
7.093827802192347320e+00
6.806748755530479755e+00
6.531239327796447114e+00
6.266836400578816857e+00
6.013095202445787102e+00
5.769588606711086420e+00
5.535906440105884840e+00
5.311654818108053178e+00
5.096455505921121620e+00
4.889945304133166637e+00
4.691775458120805098e+00
4.501611090298418993e+00
4.319130654346130527e+00
4.144025410581530622e+00
3.975998882632475251e+00
3.814766260197124392e+00
3.660054076098844256e+00
3.511599801695487688e+00
3.369151412919638044e+00
3.232466973358513851e+00
3.101314233712841872e+00
2.975470246999353030e+00
2.854720998885882377e+00
2.738861052571021304e+00
2.627693207643379658e+00
2.521028172376523990e+00
2.418684246945746796e+00
2.320486978379428411e+00
2.226268878639368509e+00
2.135869193810238986e+00
2.049133636863105679e+00
1.965914128919488579e+00
1.886068550797376231e+00
1.809460504433797245e+00
1.735959083794697655e+00
1.665438654897778648e+00
1.597778644588713437e+00
1.532863337725232533e+00
1.470581682436922000e+00
1.410827096663580527e+00
1.353497271848146388e+00
1.298494023008956555e+00
1.245723129361316905e+00
1.195094174860545477e+00
1.146520395129701386e+00
1.099918530517711490e+00
1.055208685043754091e+00
1.012314190993308216e+00
9.711614789407333470e-01
9.316799529819975723e-01
8.938018709698271058e-01
8.574622291899616222e-01
8.225986451510036712e-01
7.891512534907484389e-01
7.570626116332397348e-01
7.262776022638951501e-01
6.967433394447469786e-01
6.684090785084556563e-01
6.412261295796543026e-01
6.151477745780805639e-01
5.901291875638483564e-01
5.661273582907822011e-01
5.431010188390387183e-01
5.210105732034407966e-01
4.998180286037905984e-01
4.794869280482629281e-01
4.599822917464439498e-01
4.412705582812049832e-01
4.233195271995100484e-01
4.060983039217953561e-01
3.895772468765151819e-01
3.737279167702324822e-01
3.585230279071702775e-01
3.439364014756776666e-01
3.299429207223112392e-01
3.165184879374530191e-01
3.036399831113912318e-01
2.912852231798319647e-01
2.794329243963721288e-01
2.680626670225636499e-01
2.571548603365306773e-01
2.466907090185183338e-01
2.366521808973114926e-01
2.270219760025575795e-01
2.177834968701937157e-01
2.089208200503360757e-01
2.004186687690316659e-01
1.922623866972072992e-01
1.844379127820433562e-01
1.769317568980410260e-01
1.697309762628445018e-01
1.628231538223688935e-01
1.561963770571431764e-01
1.498392175004459870e-01
1.437407110870022875e-01
1.378903392986013388e-01
1.322780110743687065e-01
1.268940454547083374e-01
1.217291549292089659e-01
1.167744294599890875e-01
1.120213211531218139e-01
1.074616295386165016e-01
1.030874872607176612e-01
9.889134661825463302e-02
9.486596676717488907e-02
9.100440125867537144e-02
8.729998607755865003e-02
8.374632816623080178e-02
8.033729441463359489e-02
7.706700109721278946e-02
7.392980373879216860e-02
7.092028739194654319e-02
6.803325730918644010e-02
6.526372999391595597e-02
6.260692457764760466e-02
6.005825451471553250e-02
5.761331978817700594e-02
5.526789935023089517e-02
5.301794384613878197e-02
5.085956863378975762e-02
4.878904708690720571e-02
4.680280417037546020e-02
4.489741027664029965e-02
4.306957531257880195e-02
4.131614302666686278e-02
3.963408556668725907e-02
3.802049825594333576e-02
3.647259454836603021e-02
3.498770123932381376e-02
3.356325388814608568e-02
3.219679239520242819e-02
3.088595675795836187e-02
2.962848299957910464e-02
2.842219926306655681e-02
2.726502206420402044e-02
2.615495269685498905e-02
2.509007378442252092e-02
2.406854597153155334e-02
2.308860475022610562e-02
2.214855740808866977e-02
2.124678009569011539e-02
2.038171504404182738e-02
1.955186787997158573e-02
1.875580504677792221e-02
1.799215132979752746e-02
1.725958748261962467e-02
1.655684794985423300e-02
1.588271868252988037e-02
1.523603504235253835e-02
1.461567979121367912e-02
1.402058116248073964e-02
1.344971101019286179e-02
1.290208302740379273e-02
1.237675104677173239e-02
1.187280741276039789e-02
1.138938141450562130e-02
1.092563778231557363e-02
1.048077524534475786e-02
1.005402514795214301e-02
9.644650122356964242e-03
9.251942815302028125e-03
8.875224666527294429e-03
8.513844736946652586e-03
8.167178584503281477e-03
7.834627184363526439e-03
7.515615892382679700e-03
7.209593456317101544e-03
6.916031064382405225e-03
6.634421431867164147e-03
6.364277924917811392e-03
6.105133719982522821e-03
5.856540997462595516e-03
5.618070168180186105e-03
5.389309131326598147e-03
5.169862562610409544e-03
4.959351231376392735e-03
4.757411345401005125e-03
4.563693921202182854e-03
4.377864181894730589e-03
4.199600979897870692e-03
4.028596242138259703e-03
3.864554437815655337e-03
3.707192067832042713e-03
3.556237175002544861e-03
3.411428874202594632e-03
3.272516901639598106e-03
3.139261182471206509e-03
3.011431416023230365e-03
2.888806677890209083e-03
2.771175037950597813e-03
2.658333193846913918e-03
2.550086120414659600e-03
2.446246732822451170e-03
2.346635563309913165e-03
2.251080451084875537e-03
2.159416244844127551e-03
2.071484517404132732e-03
1.987133291948575860e-03
1.906216779419990645e-03
1.828595126601870397e-03
1.754134174455960387e-03
1.682705226273380076e-03
1.614184825049374584e-03
1.548454540294901373e-03
1.485400763569633738e-03
1.424914512159587091e-03
1.366891240744511418e-03
1.311230660732554641e-03
1.257836566950088896e-03
1.206616671387363005e-03
1.157482443712593836e-03
1.110348958279132629e-03
1.065134747361269141e-03
1.021761660364892046e-03
9.801547287071859637e-04
9.402420361891172286e-04
9.019545948565229308e-04
8.652262257954557645e-04
8.299934447586891943e-04
7.961953524488729053e-04
7.637735292687053944e-04
7.326719343563309729e-04
7.028368087314623095e-04
6.742165823848608741e-04
6.467617851506608870e-04
6.204249612074980982e-04
5.951605870582898526e-04
5.709249928300087415e-04
5.476762868131428760e-04
5.253742830754612935e-04
5.039804320074049021e-04
4.834577536951807186e-04
4.637707740066188480e-04
4.448854632793659402e-04
4.267691775054260677e-04
4.093906019104674135e-04
3.927196968303442188e-04
3.767276457913291987e-04
3.613868057041003329e-04
3.466706590426152802e-04
