4.355582858613627195e+01
4.443366223091421574e+01
4.532918791139920955e+01
4.624276218915307624e+01
4.717474881151635202e+01
4.812551885641500604e+01
4.909545088008441382e+01
5.008493106776987958e+01
5.109435338746454391e+01
5.212411974674402870e+01
5.317464015276254941e+01
5.424633287265127279e+01
5.533962459185896421e+01
5.645495059133184412e+01
5.759275492310245426e+01
5.875349058699944038e+01
5.993761971091597474e+01
6.114561373470984762e+01
6.237795359780754723e+01
6.363512993058567702e+01
6.491764324960955435e+01
6.622600415680179253e+01
6.756073354603356051e+01
6.892236282483693799e+01
7.031143411535829557e+01
7.172850046496070320e+01
7.317412606638461625e+01
7.464888648234868640e+01
7.615336887467624649e+01
7.768817223803733896e+01
7.925390763840343311e+01
8.085119845630443081e+01
8.248068063498998015e+01
8.414300293017417687e+01
8.583882714746007991e+01
8.756882841754564595e+01
8.933369547431303204e+01
9.113413092889470590e+01
9.297085154922706351e+01
9.484458854523103355e+01
9.675608785973734882e+01
9.870611046527200472e+01
1.006954326668149378e+02
1.027248464106598931e+02
1.047951595986208702e+02
1.069071964017686440e+02
1.090617975913202571e+02
1.112598208774646196e+02
1.135021412505889060e+02
1.157896513293208045e+02
1.181232617155824300e+02
1.205039013567922694e+02
1.229325179153558594e+02
1.254100781456013323e+02
1.279375682782984285e+02
1.305159944108322634e+02
1.331463828800424949e+02
1.358297806756697241e+02
1.385672558760708455e+02
1.413598980732721486e+02
1.442088188061086100e+02
1.471151520020817429e+02
1.500800544281023292e+02
1.531047061503090845e+02
1.561903110031331323e+02
1.593380970678040853e+02
1.625493171580651790e+02
1.658252492691575810e+02
1.691671970835944592e+02
1.725764905324549545e+02
1.760544863253781784e+02
1.796025684893646996e+02
1.832221489184044856e+02
1.869146679341584161e+02
1.906815948579070437e+02
1.945244285939929796e+02
1.984446982249974099e+02
2.024439636164766512e+02
2.065238159550205239e+02
2.106858783524757825e+02
2.149318065794774952e+02
2.192632897280710722e+02
2.236820508815140442e+02
2.281898477975204287e+02
2.327884736052224071e+02
2.374797575161144891e+02
2.422655655492704909e+02
2.471478012711101826e+02
2.521284065479261471e+02
2.572093621791883038e+02
2.623926885846721575e+02
2.676804467914096790e+02
2.730747392681101360e+02
2.785777107569304576e+02
2.841915491219011187e+02
2.899184862143338250e+02
2.957607987555611544e+02
3.017208092373467707e+02
3.078008868403177303e+02
3.140034483694136611e+02
3.203309589833983182e+02
3.267859328925401883e+02
3.333709347363335951e+02
3.400885806520249730e+02
3.469415393057012125e+02
3.539325329439382699e+02
3.610643384664310815e+02
3.683397885200106430e+02
3.757617726144770245e+02
3.833332382606837996e+02
3.910571921308686001e+02
3.989367009003536282e+02
4.069748917971770084e+02
4.151749545554462770e+02
4.235401428235656454e+02
4.320737754390841587e+02
4.407792377288201351e+02
4.496599828347581820e+02
4.587195330662268020e+02
4.679614812788714175e+02
4.773894922809549826e+02
4.870073042675073225e+02
4.968187297797274482e+02
5.068276557393951975e+02
5.170380462752189032e+02
5.274539446849652222e+02
5.380794750052062909e+02
5.489188436118744221e+02
5.599763408522562713e+02
5.712563427090145751e+02
5.827633124968581342e+02
5.945018025925086249e+02
6.064764561985987257e+02
6.186920084311584560e+02
6.311532851426539992e+02
6.438652069801665903e+02
6.568327923563622335e+02
6.700611593702503797e+02
6.835555277646637933e+02
6.973212209215821531e+02
7.113636678960032214e+02
7.256884054891244205e+02
7.403010803615245550e+02
7.552074511871704772e+02
7.704133899413037625e+02
7.859248786018031296e+02
8.017480145498731190e+02
8.178890153702028556e+02
8.343542211878592525e+02
8.511500970401743871e+02
8.682832352933953644e+02
8.857603581049421564e+02
9.035883199320691119e+02
9.217741100877914278e+02
9.403248553449406018e+02
9.592478213828235312e+02
9.785504048427017096e+02
9.982401402286525354e+02
1.018324708710495543e+03
1.038811940967238115e+03
1.059709820013807075e+03
1.081026484079019156e+03
1.102770229535660519e+03
1.124949513883521149e+03
1.147572958786366826e+03
1.170649353163665637e+03
1.194187655298738946e+03
1.218196982462376354e+03
1.242686616778174539e+03
1.267666018128355290e+03
1.293144827651663718e+03
1.319132871070154579e+03
1.345640162073109423e+03
1.372676905758995872e+03
1.400253502136366251e+03
1.428380549684572088e+03
1.457068848975241735e+03
1.486329404602540762e+03
1.516173393442639508e+03
1.546612166882808424e+03
1.577657285944869727e+03
1.609320526227351138e+03
1.641613881589405992e+03
1.674549567889738228e+03
1.708140026781228244e+03
1.742397929561781893e+03
1.777336181082033136e+03
1.812967923710550394e+03
1.849306541834251902e+03
1.886365682139148930e+03
1.924159263233982529e+03
1.962701462094217959e+03
2.002006717285775721e+03
2.042089733451688517e+03
2.082965485866708150e+03
2.124649225060607023e+03
2.167156481511052334e+03
2.210503070406804000e+03
2.254705096482036879e+03
2.299778955436454453e+03
2.345741111006855590e+03
2.392607936446878739e+03
2.440396030545894519e+03
2.489122251987081654e+03
2.538803721966262856e+03
2.589457826789196588e+03
2.641102220445265630e+03
2.693754827155569274e+03
2.747433843893053563e+03
2.802157742872650033e+03
2.857945275080924603e+03
2.914815648826379402e+03
2.972788747685894123e+03
3.031884833644750870e+03
3.092124506842454593e+03
3.153528710261780816e+03
3.216118734457032588e+03
3.279916222320800898e+03
3.344943173888870660e+03
3.411221951182879820e+03
3.478775283090036282e+03
3.547626270061862215e+03
3.617798219126062577e+03
3.689314322621929477e+03
3.762198022349370603e+03
3.836473090427201441e+03
3.912163631484903817e+03
3.989294084785788982e+03
4.067889226277995931e+03
4.147974170569907983e+03
4.229574372826369654e+03
4.312715630582071753e+03
4.397424085468635894e+03
4.483726245592639316e+03
4.571649047056108429e+03
4.661219801430721418e+03
4.752466180095431810e+03
4.845416215921635740e+03
4.940098304862462101e+03
5.036541207442603081e+03
5.134774050144077592e+03
5.234826326684450578e+03
5.336727899182851615e+03
5.440508999209808280e+03
5.546199515846709801e+03
5.653825982571952409e+03
5.763413782968578744e+03
5.874988223143384857e+03
5.988574512396739919e+03
6.104197742765946714e+03
6.221882867849100876e+03
6.341654680901841857e+03
6.463537792198984789e+03
6.587556605654674968e+03
6.713735294694439290e+03
6.842099649110956307e+03
6.972688445328054513e+03
7.105546929144765272e+03
7.240721658275307163e+03
7.378260525247416808e+03
7.518212800146862719e+03
7.660629174772997430e+03
7.805561808259235477e+03
7.953064374214073723e+03
8.103192109441810317e+03
8.256001864303405455e+03
8.411545802842290868e+03
8.569815507057637660e+03
8.730764218307267583e+03
8.894338636015647353e+03
9.060478996659916447e+03
9.229118801364456885e+03
9.400184546901455178e+03
9.573595461340693873e+03
9.749263245671278128e+03
9.927091822796559427e+03
1.010697709538167328e+04
1.028881605662090988e+04
1.047262827341840784e+04
1.065853084282378586e+04
1.084665114778238058e+04
1.103712505947248974e+04
1.123009720463200392e+04
1.142572125098281867e+04
1.162416021257179091e+04
1.182558677694652033e+04
1.203018365618765165e+04
1.223814396393599782e+04
1.244966503649806509e+04
1.266481602982384175e+04
1.288353438698513492e+04
1.310574471214137520e+04
1.333136336887166908e+04
1.356029813720218226e+04
1.379244787502920190e+04
1.402770218542060502e+04
1.426594109137444320e+04
1.450703471970638748e+04
1.475084299583148641e+04
1.499721721579113364e+04
1.524606281354636121e+04
1.549735923794021619e+04
1.575108943635602918e+04
1.600723515269864583e+04
1.626577691327845059e+04
1.652669401316294170e+04
1.678996450301485675e+04
1.705556517643748157e+04
1.732347155784543429e+04
1.759365789088175734e+04
1.786609676655366638e+04
1.814073563740635655e+04
1.841748058330312051e+04
1.869622901741422538e+04
1.897687290349747127e+04
1.925929868140169492e+04
1.954338719907165068e+04
1.982901365152190556e+04
2.011604752725001890e+04
2.040435256256660432e+04
2.069378670432212311e+04
2.098420206578939178e+04
2.127544233993722810e+04
2.156733974426572604e+04
2.185971951079552309e+04
2.215240055933094482e+04
2.244519552103027672e+04
2.273791077529113682e+04
2.303034650048635740e+04
2.332229673907645338e+04
2.361354947760488722e+04
2.390388674206669748e+04
2.419308469651254563e+04
2.448090400342545399e+04
2.476707175190752969e+04
2.505130309218049297e+04
2.533330603920507201e+04
2.561278171592115177e+04
2.588942462425749909e+04
2.616292294446259257e+04
2.643295886323837840e+04
2.669920893107415031e+04
2.696134444909465310e+04
2.721903188555111046e+04
2.747192456464343559e+04
2.771963853644601113e+04
2.796177720183497149e+04
2.819793946686291383e+04
2.842772042687140492e+04
2.865071209303419164e+04
2.886650416081448202e+04
2.907468481960656936e+04
2.927484160261397847e+04
2.946656227578438848e+04
2.964943576438641685e+04
2.982304822207717370e+04
2.998696395463290537e+04
3.014074294115033990e+04
3.028394971716140208e+04
3.041615460422362958e+04
3.053693497050716178e+04
3.064587652169549983e+04
3.074257461828258965e+04
3.082663561501855656e+04
3.089767821792557879e+04
3.095533485398742414e+04
3.099925937017237447e+04
3.102916565611606347e+04
3.104480386612991424e+04
3.104594328587623750e+04
3.103237328741530655e+04
3.100390431601035743e+04
3.096036884028285567e+04
3.090162226084153735e+04
3.082754377251938786e+04
3.073803717539144418e+04
3.063303162981314017e+04
3.051250624991982477e+04
3.037669348913082285e+04
3.022597332879557507e+04
3.006074574822955401e+04
2.988142796028112207e+04
2.968845298929234923e+04
2.948226824185204168e+04
2.926333407593549418e+04
2.903212237382366948e+04
2.878911512397952538e+04
2.853480301681586934e+04
2.826972003000297627e+04
2.799484276716967724e+04
2.771142459344417512e+04
2.742069452437086875e+04
2.712384848058513307e+04
2.682204661053762175e+04
2.651641109225892797e+04
2.620802439490880352e+04
2.589792797872098890e+04
2.558712141030620478e+04
2.527656292975553151e+04
2.496728449872014608e+04
2.466048771437968026e+04
2.435734003575366296e+04
2.405895105538890493e+04
2.376637448977823078e+04
2.348061064820280080e+04
2.320260933124469375e+04
2.293316684830350277e+04
2.267266481033060700e+04
2.242138311133841125e+04
2.217958868319600151e+04
2.194752937019506498e+04
2.172512286881568070e+04
2.151186813589591111e+04
2.130725645296625225e+04
2.111070353764813990e+04
2.092105820189306542e+04
2.073698896267272357e+04
2.055712692268950195e+04
2.037970692607143064e+04
2.020287490998744033e+04
2.002462945007670714e+04
1.984268755854320989e+04
1.965477530517636114e+04
1.945849861025746213e+04
1.925151272618422809e+04
1.903161587582202628e+04
1.879677252992179274e+04
1.854530420017459255e+04
1.827586512119882173e+04
1.798769916178019048e+04
1.768054610575690458e+04
1.735490941631513488e+04
1.701186888848512899e+04
1.665345161647029090e+04
1.628225218210041385e+04
1.590166620089335083e+04
1.551566989021344489e+04
1.512890015185977973e+04
1.474606320095357296e+04
1.437190598212187615e+04
1.401172896683323597e+04
1.367027360755812515e+04
1.335110505595379982e+04
1.305769495265298974e+04
1.279315874236162381e+04
1.255861993829212406e+04
1.235400181358268128e+04
1.217809260222005105e+04
1.202814954347229832e+04
1.190011492184357303e+04
1.178836978280102812e+04
1.168611531196450051e+04
1.158547675229775632e+04
1.147832457965135836e+04
1.135661566659982236e+04
1.121272717712696613e+04
1.104087053104780898e+04
1.083746414165167334e+04
1.060203304455561010e+04
1.033707401114064305e+04
1.004805180197971458e+04
9.743625162068532518e+03
9.434121338755408942e+03
9.130926210407216786e+03
8.844900863757087791e+03
8.585482334012762294e+03
8.359593548966005983e+03
8.171066272851415306e+03
8.020397463702461209e+03
7.902850849003188159e+03
7.810321159280028951e+03
7.731610963683511727e+03
7.653917617446180884e+03
7.564286702310214423e+03
7.451227205762356789e+03
7.307212061186875871e+03
7.129642409838951608e+03
6.923140225391428430e+03
6.697563012390782205e+03
6.466716638345806132e+03
6.245094656087583644e+03
6.045222997630985446e+03
5.875894596372833803e+03
5.739806169005219999e+03
5.634104077149827390e+03
5.548987911791913575e+03
5.471269946048539168e+03
5.386189667135658965e+03
5.282326245809425927e+03
5.153731550201199752e+03
5.002005336457721569e+03
4.836545649814779608e+03
4.670482281864632569e+03
4.517221726638037580e+03
4.385183164297488474e+03
4.277036205754920047e+03
4.187675248348576133e+03
4.107671413942241088e+03
4.024652071105465893e+03
3.930110556613851713e+03
3.820721582512617260e+03
3.701082404142249743e+03
3.579849439964547855e+03
3.467183421637310857e+03
3.368233938397764632e+03
3.283241591966461783e+03
3.206289237458605839e+03
3.130102029845972538e+03
3.048073746458131609e+03
2.959713086975659735e+03
2.868223528096114933e+03
2.780179952420668542e+03
2.699613462637839348e+03
2.627215702773533394e+03
2.559534051185239605e+03
2.491777580366822349e+03
2.422097192883220941e+03
2.350774840043729910e+03
2.281445523749258427e+03
2.216648100737565983e+03
2.155959193270296964e+03
2.098073992487954911e+03
2.040785803380566904e+03
1.983275928433538184e+03
1.927211837583573697e+03
1.873814391107964866e+03
1.822726779611904931e+03
1.773414171811182541e+03
1.725575997244380915e+03
1.679011032136240601e+03
1.633711586533639775e+03
1.589865903988509899e+03
1.547622873991641654e+03
1.506907565280455856e+03
1.467556277442371538e+03
1.429428258073650341e+03
1.392466123507468183e+03
1.356646771759143576e+03
1.321946784925520888e+03
1.288329585449309207e+03
1.255740269847483205e+03
1.224125469348279694e+03
1.193434952550144317e+03
1.163619797840142155e+03
1.134629287313082386e+03
1.106415093615271644e+03
1.078932024770320822e+03
1.052137843423239019e+03
1.025992892246157680e+03
1.000456972049132560e+03
9.754902315519196918e+02
9.510556822469974350e+02
9.271191215585657801e+02
9.036489938396531443e+02
8.806162621807078494e+02
8.579942898092509722e+02
8.357599042872418522e+02
8.138970858347664716e+02
7.923926269038132659e+02
7.712345425492035247e+02
7.504120134780462195e+02
7.299153310533067724e+02
7.097358439328144186e+02
6.898659061088513909e+02
6.702988261364387199e+02
6.510288173606235205e+02
6.320524136861681654e+02
6.133744737938052367e+02
5.950020389490293837e+02
5.769415150230562404e+02
5.591986808765680053e+02
5.417786998387621225e+02
5.246861321374980207e+02
5.079249482121979327e+02
4.914985428410404893e+02
4.754097500140638317e+02
4.596608584842355185e+02
4.442540132383175546e+02
4.291929865234340582e+02
4.144814776854995557e+02
4.001222734416774642e+02
3.861172919957758154e+02
3.724676286656052184e+02
3.591736015518533804e+02
3.462347970443948384e+02
3.336501149777728301e+02
3.214178132634529561e+02
3.095355518419437431e+02
2.980004126490997578e+02
2.868087888102564307e+02
2.759565488782097304e+02
2.654391700777941878e+02
2.552517743369008656e+02
2.453891625039425151e+02
2.358458473078525515e+02
2.266160850207485851e+02
2.176939057925576719e+02
2.090731426354297469e+02
2.007474590437815607e+02
1.927103582946638767e+02
1.849550434227920164e+02
1.774745426894262721e+02
1.702618576139134348e+02
1.633099813792118198e+02
1.566119141482635371e+02
1.501606773320676780e+02
1.439493268371784325e+02
1.379709653222737415e+02
1.322187534950607244e+02
1.266859204821894025e+02
1.213657668328242352e+02
1.162515773809439565e+02
1.113366680323155009e+02
1.066144841658319962e+02
1.020786065667530806e+02
9.772275407007181514e+01
9.354078572608422348e+01
8.952670251574291171e+01
8.567464864277901881e+01
8.197891242894625918e+01
7.843392683803243415e+01
7.503426786586707919e+01
7.177461176859422665e+01
6.864974124345231132e+01
6.565459557690722647e+01
6.278427059098194007e+01
6.003401590840930879e+01
5.739923212323754598e+01
5.487546788934568553e+01
5.245841693867033229e+01
5.014391504026977486e+01
4.792793691071751994e+01
4.580659269363385278e+01
4.377610811385402911e+01
4.183281864688865426e+01
3.997319127452121279e+01
3.819382244740997123e+01
3.649143417373144871e+01
3.486287017580308145e+01
3.330509211679911630e+01
3.181517589937904589e+01
3.039030803778531009e+01
2.902778210471428011e+01
2.772499518958545295e+01
2.647943859965040758e+01
2.528869118871355326e+01
2.415042720487292627e+01
2.306241405105868125e+01
2.202250888541186669e+01
2.102865532658584513e+01
2.007888026183053043e+01
1.917129075570038665e+01
1.830407105720655281e+01
1.747547970321843280e+01
1.668384670925698288e+01
1.592756892123214740e+01
1.520510522576148560e+01
1.451497862669133632e+01
1.385577441178993752e+01
1.322613765874030811e+01
1.262477083348194640e+01
1.205043147789628577e+01
1.150192998390752841e+01
1.097812745114317856e+01
1.047793362537312589e+01
1.000030491481929928e+01
9.544241883520934167e+00
9.108786287686360339e+00
8.693021119006033359e+00
8.296069274157719775e+00
7.917091871470326225e+00
7.555286635601129674e+00
7.209886347642669335e+00
6.880157358163025094e+00
6.565398160771373171e+00
6.264938023885076035e+00
5.978135678455155144e+00
5.704377883081483525e+00
5.443077696619345929e+00
5.193673992010304552e+00
4.955630551392073535e+00
4.728434981848086416e+00
4.511597677143570628e+00
4.304650823565779660e+00
4.107147448057314243e+00
3.918660506902182927e+00
3.738782013292297979e+00
3.567122202169080936e+00
3.403308680556785148e+00
3.246985440526742650e+00
3.097812361212219479e+00
2.955464616475378836e+00
2.819631996032318622e+00
2.690018256073932967e+00
2.566340498274603199e+00
2.448328575972980925e+00
2.335724526359464814e+00
2.228282027554356670e+00
2.125765879506696265e+00
2.027951493880600697e+00
1.934624329776149843e+00
1.845579516619020755e+00
1.760621475588311169e+00
1.679563502127864538e+00
1.602227366682448029e+00
1.528442933207083465e+00
1.458047794668451136e+00
1.390886924791524315e+00
1.326812345336483512e+00
1.265682808222166056e+00
1.207363488208871960e+00
1.151725657757719068e+00
1.098646432606397605e+00
1.048008533907586637e+00
9.997000344242108483e-01
9.536141157371227361e-01
9.096488363890146145e-01
8.677069104762229479e-01
8.276954962217255574e-01
7.895259940830866574e-01
7.531138539690966915e-01
7.183783902556215573e-01
6.852425927481717860e-01
6.536329645228202700e-01
6.234793744062685494e-01
5.947149038219816664e-01
5.672757002157192696e-01
5.411008371356212932e-01
5.161321806665301049e-01
4.923142619316080992e-01
4.695941553873048124e-01
4.479213626498900203e-01
4.272477013975665150e-01
4.075271946255902278e-01
3.887159704410065308e-01
3.707721714919565148e-01
3.536558629963570399e-01
3.373289446838999561e-01
3.217550667574632373e-01
3.068995496911918752e-01
2.927293076908344394e-01
2.792127756497465030e-01
2.663198394415589587e-01
2.540217693562579759e-01
2.422911548571006213e-01
2.311018437371575585e-01
2.204288869480513779e-01
2.102484835461229384e-01
2.005379279644753654e-01
1.912755597007170238e-01
1.824407153100767731e-01
1.740136825985334201e-01
1.659756569154322292e-01
1.583086994496430699e-01
1.509956974309145938e-01
1.440203255468855692e-01
1.373670093718001584e-01
1.310208919624863966e-01
1.249678009737918566e-01
1.191942171578396770e-01
1.136872443102462660e-01
1.084345805969523929e-01
1.034244911983829701e-01
9.864578221053683926e-02
9.408777574536113242e-02
8.974028617470156122e-02
8.559359725813071862e-02
8.163844028875399950e-02
7.786597396275837801e-02
7.426776476552980621e-02
7.083576818248346618e-02
6.756231077454631639e-02
6.444007307854628108e-02
6.146207329461646218e-02
5.862165172443095651e-02
5.591245592576778861e-02
5.332842655045268859e-02
5.086378376598384154e-02
4.851301423898276427e-02
4.627085904727122612e-02
4.413230199303574269e-02
4.209255840830641859e-02
4.014706447626292807e-02
3.829146704463017026e-02
3.652161390850570954e-02
3.483354454101114661e-02
3.322348125115111295e-02
3.168782074920852010e-02
3.022312607925529970e-02
2.882611888034643244e-02
2.749367214783315569e-02
2.622280327475859027e-02
2.501066738754008367e-02
2.385455098902653295e-02
2.275186589476215285e-02
2.170014344894483083e-02
2.069702900718773178e-02
1.974027667378461942e-02
1.882774428175055734e-02
1.795738859776075183e-02
1.712726072518597903e-02
1.633550177855669361e-02
1.558033874225461975e-02
1.486008050541581978e-02
1.417311407981737548e-02
1.351790099232752854e-02
1.289297384386797751e-02
1.229693302720460436e-02
1.172844359624220477e-02
1.118623227983150253e-02
1.066908463142937115e-02
1.017584229928198206e-02
9.705400446040219828e-03
9.256705284901540348e-03
8.828751721484680293e-03
8.420581104544957660e-03
8.031279080556601863e-03
7.659973547366828554e-03
7.305832702349770308e-03
6.968063180696894114e-03
6.645908279683578231e-03
6.338646264375304498e-03
6.045588746648747347e-03
5.766079147853772104e-03
5.499491233288490537e-03
5.245227710209049432e-03
5.002718890537475975e-03
4.771421415344607314e-03
4.550817038255190218e-03
4.340411465054614358e-03
4.139733246900928997e-03
3.948332724667315448e-03
3.765781021901119536e-03
3.591669082216146242e-03
3.425606754245120230e-03
3.267221920098410063e-03
3.116159662017077732e-03
2.972081467468475936e-03
2.834664470971561424e-03
2.703600730955086403e-03
2.578596540030103808e-03
2.459371767133363904e-03
2.345659230069029738e-03
2.237204097007264650e-03
2.133763314791100197e-03
2.035105064653647180e-03
1.941008244002573714e-03
1.851261971155412260e-03
1.765665112912252494e-03
1.684025833961808483e-03
1.606161167111854783e-03
1.531896603381985690e-03
1.461065701040692184e-03
1.393509712711436766e-03
1.329077229704894768e-03
1.267623842458773806e-03
1.209011816943481466e-03
1.153109786578419838e-03
1.099792457925908608e-03
1.048940329950835693e-03
1.000439426256530826e-03
9.541810396973398343e-04
9.100614887957288136e-04
8.679818854184594536e-04
8.278479131914405877e-04
7.895696161555226019e-04
7.530611970679492720e-04
7.182408250760894623e-04
6.850304525831752474e-04
6.533556403740891456e-04
6.231453907992770243e-04
5.943319886700660888e-04
5.668508495088463335e-04
5.406403748142054981e-04
5.156418140167823164e-04
4.917991328165066114e-04
4.690588876061759578e-04
4.473701056559646573e-04
4.266841708296704332e-04
4.069547147368738596e-04
3.881375128300698467e-04
3.701903852887469294e-04
3.530731024855941476e-04
3.367472948230459473e-04
3.211763667381425697e-04
3.063254146829852485e-04
2.921611488970340628e-04
2.786518187959409736e-04
2.657671417946253357e-04
2.534782354069507835e-04
2.417575525573445211e-04
2.305788198486698832e-04
2.199169786739280715e-04
2.097481290505549356e-04
2.000494760514051596e-04
1.907992787124091231e-04
1.819768013023954022e-04
1.735622668458561377e-04
1.655368127945377652e-04
1.578824487435144107e-04
1.505820160923244293e-04
1.436191496039381735e-04
1.369782407287239035e-04
1.306444026180372082e-04
1.246034367553916316e-04
1.188418011304404927e-04
1.133465798844322293e-04
1.081054543591097259e-04
1.031066754841775834e-04
9.833903744143048463e-05
9.379185254496360462e-05
8.945492727735845527e-05
8.531853944782096574e-05
8.137341640282015154e-05
7.761071424066614698e-05
7.402199798712353891e-05
7.059922268763929023e-05
6.733471537378947860e-05
6.422115786354418425e-05
6.125157035678111884e-05
5.841929578929051255e-05
5.571798490971890163e-05
5.314158204383508360e-05
5.068431152266525999e-05
4.834066473751485099e-05
4.610538779159711268e-05
4.397346972260634526e-05
4.194013126984645525e-05
4.000081416074398002e-05
3.815117089272214787e-05
3.638705498753806456e-05
3.470451169623625740e-05
3.309976913374270053e-05
3.156922982216308607e-05
3.010946262725825478e-05
2.871719506795846955e-05
2.738930598044917030e-05
2.612281852143837402e-05
2.491489349494312503e-05
2.376282298763140313e-05
2.266402429845672527e-05
2.161603414897541350e-05
2.061650316136917827e-05
1.966319059175863777e-05
1.875395930651639354e-05
1.788677099163980540e-05
1.705968158394347031e-05
1.627083691298750171e-05
1.551846854450495867e-05
1.480088981602185550e-05
1.411649205578649545e-05
1.346374097653159357e-05
1.284117323598392065e-05
1.224739315641356468e-05
1.168106959585724540e-05
1.114093296379765660e-05
1.062577237508772999e-05
1.013443293570659197e-05
9.665813153767708758e-06
9.218862470225507665e-06
8.792578903761262093e-06
8.386006804567421822e-06
7.998234711995067363e-06
7.628393311263439606e-06
7.275653484648462057e-06
6.939224452781931436e-06
6.618352001812853342e-06
6.312316792611666668e-06
6.020432748295597334e-06
5.742045516197662526e-06
5.476531000944176409e-06
5.223293965362516183e-06
4.981766696082106920e-06
4.751407730837313911e-06
4.531700644619887895e-06
4.322152891958853359e-06
4.122294702732739357e-06
3.931678029003883443e-06
3.749875540564522981e-06
3.576479667015320726e-06
3.411101684078778312e-06
3.253370842154269216e-06
3.102933535168526275e-06
2.959452507858254846e-06
2.822606099708103535e-06
2.692087523848656473e-06
2.567604179298120242e-06
2.448876995006003399e-06
2.335639804222563094e-06
2.227638747796684583e-06
2.124631705083704303e-06
2.026387751157460801e-06
1.932686639118880718e-06
1.843318306342455117e-06
1.758082403554158348e-06
1.676787845684524422e-06
1.599252383490402264e-06
1.525302194984946797e-06
1.454771495759804720e-06
1.387502167311609210e-06
