3.112464379111407098e+01
3.168161794317984459e+01
3.224855910771810130e+01
3.282564563628976373e+01
3.341305907165112643e+01
3.401098420484631646e+01
3.461960913332084289e+01
3.523912532007449272e+01
3.586972765387240258e+01
3.651161451053317819e+01
3.716498781531344520e+01
3.783005310640808716e+01
3.850701959999150148e+01
3.919610025893677374e+01
3.989751185833411995e+01
4.061147505218117004e+01
4.133821444277739943e+01
4.207795865136968416e+01
4.283094039006171982e+01
4.359739653501018353e+01
4.437756820093058963e+01
4.517170081693602413e+01
4.598004420373246859e+01
4.680285265219597335e+01
4.764038500333242609e+01
4.849290472780182881e+01
4.936068000715354742e+01
5.024398382098647176e+01
5.114309403311935398e+01
5.205829347896924020e+01
5.298987005449432530e+01
5.393811680672605036e+01
5.490333202592201189e+01
5.588581933936637824e+01
5.688588780684774804e+01
5.790385201784629032e+01
5.894003219045808351e+01
5.999475427181184273e+01
6.106835003873820256e+01
6.216115720308139458e+01
6.327351951876407554e+01
6.440578688987385192e+01
6.555831548067980918e+01
6.673146782761617146e+01
6.792561295326810011e+01
6.914112648239766656e+01
7.037839076004350147e+01
7.163779497173310062e+01
7.291973526584446574e+01
7.422461487807834146e+01
7.555284425268162352e+01
7.690484116733546216e+01
7.828103087231544066e+01
7.968184622496531233e+01
8.110772782573815221e+01
8.255912415666674065e+01
8.403649172231092734e+01
8.554029519322448039e+01
8.707100755198544562e+01
8.862911024183927111e+01
9.021509331799629194e+01
9.182945560163618381e+01
9.347270483451087841e+01
9.514535782555520882e+01
9.684794062081745381e+01
9.858098867459194992e+01
1.003450470176303639e+02
1.021406704283383391e+02
1.039684236070298056e+02
1.058288813532967367e+02
1.077226287465450412e+02
1.096502613297583366e+02
1.116123852965425414e+02
1.136096176815135550e+02
1.156425865537884619e+02
1.177119311968441053e+02
1.198183022981441468e+02
1.219623621766467920e+02
1.241447849928736105e+02
1.263662569604766333e+02
1.286274765615818865e+02
1.309291547659773016e+02
1.332720152542119081e+02
1.356567946446797635e+02
1.380842427247542901e+02
1.405551226860496001e+02
1.430702113638804178e+02
1.456302994711024326e+02
1.482361917918929919e+02
1.508887074680519049e+02
1.535886802790513173e+02
1.563369589033678722e+02
1.591344071844202688e+02
1.619819044012448614e+02
1.648803455439980610e+02
1.678306415943654315e+02
1.708337198109716724e+02
1.738905240198731974e+02
1.770020149102315941e+02
1.801691703338066759e+02
1.833929855404134344e+02
1.866744734513742685e+02
1.900146650661130252e+02
1.934146097922257468e+02
1.968753757735744898e+02
2.003980502242183661e+02
2.039837397682805715e+02
2.076335707858582680e+02
2.113486897650861351e+02
2.151302636604557676e+02
2.189794802575050312e+02
2.228975485439939348e+02
2.268856990466467778e+02
2.309451840100278730e+02
2.350772779242630008e+02
2.392832780055850606e+02
2.435645046005681138e+02
2.479223015974062605e+02
2.523580368444802104e+02
2.568731025763335651e+02
2.614689158472016288e+02
2.661469189722129727e+02
2.709085799764051785e+02
2.757553930516976948e+02
2.806888790150881050e+02
2.857105854960850024e+02
2.908220872905710053e+02
2.960249871921071758e+02
3.013209165149933142e+02
3.067115355995357504e+02
3.121985343262182937e+02
3.177836326389230521e+02
3.234685810773671051e+02
3.292551613189107798e+02
3.351451867299085166e+02
3.411405029267606324e+02
3.472429883468383309e+02
3.534545546620664709e+02
3.597771466045929287e+02
3.662127431076232824e+02
3.727633582065762994e+02
3.794310416576221883e+02
3.862178795667836084e+02
3.931259950300182595e+02
4.001575487844647228e+02
4.073147398710464699e+02
4.145998063086279899e+02
4.220150257799284645e+02
4.295627163293870012e+02
4.372452370421527235e+02
4.450649876546584096e+02
4.530244088899512462e+02
4.611259844616846522e+02
4.693722419139398312e+02
4.777657533861286083e+02
4.863091363910464224e+02
4.950050546062912531e+02
5.038562186792834154e+02
5.128653870461065480e+02
5.220353667644077404e+02
5.313690143605872436e+02
5.408692366915261118e+02
5.505389911801186145e+02
5.603812840336346426e+02
5.703991731435381780e+02
5.805957699601435706e+02
5.909742404147876869e+02
6.015378058571511701e+02
6.122897440083282845e+02
6.232333899298769211e+02
6.343721370091270728e+02
6.457094379610051647e+02
6.572488058466385610e+02
6.689938151090179872e+02
6.809481024922811230e+02
6.931153639583548056e+02
7.054993546238405315e+02
7.181038943111909703e+02
7.309328689205199225e+02
7.439902315406524167e+02
7.572800035781101542e+02
7.708062759042726384e+02
7.845732100210451563e+02
7.985850392452553024e+02
8.128460699120970503e+02
8.273606825978987445e+02
8.421333333625126443e+02
8.571685531114369496e+02
8.724709416586883890e+02
8.880451747132066203e+02
9.038960076314915568e+02
9.200282767185024113e+02
9.364469005482162629e+02
9.531568813043418231e+02
9.701633061415083148e+02
9.874713485671856006e+02
1.005086269844625804e+03
1.023013420417116436e+03
1.041258241353835274e+03
1.059826265193573590e+03
1.078723100492278718e+03
1.097954429949780433e+03
1.117526029112310425e+03
1.137443768766079302e+03
1.157713616390276457e+03
1.178341637629361685e+03
1.199333997784868416e+03
1.220696963326862942e+03
1.242436903425271794e+03
1.264560291501268011e+03
1.287073706798880494e+03
1.309983835977049921e+03
1.333297477366774956e+03
1.357021551745257739e+03
1.381163096405245142e+03
1.405729263923387862e+03
1.430727323913534065e+03
1.456164664803540518e+03
1.482048795635761735e+03
1.508387347891530453e+03
1.535188077339801566e+03
1.562458865910236682e+03
1.590207723590985324e+03
1.618442790351367876e+03
1.647172332008646208e+03
1.676404596953179407e+03
1.706147799746353712e+03
1.736410262550142534e+03
1.767200423084470231e+03
1.798526835654273100e+03
1.830398172168650717e+03
1.862823223151552611e+03
1.895810898743260395e+03
1.929370229692024623e+03
1.963510368335132853e+03
1.998240589568718178e+03
2.033570291805537181e+03
2.069509047456304415e+03
2.106066759331693902e+03
2.143253525666050336e+03
2.181079594171671488e+03
2.219555363871032114e+03
2.258691386942257395e+03
2.298498370577633978e+03
2.338987178855082220e+03
2.380168834622351824e+03
2.422054521393852156e+03
2.464655585259875807e+03
2.507983536808047575e+03
2.552050045655830218e+03
2.596866785995485316e+03
2.642445429626634450e+03
2.688797790165316201e+03
2.735935830242955490e+03
2.783871662441614262e+03
2.832617550207149179e+03
2.882185908739256320e+03
2.932589305857367890e+03
2.983840462841342287e+03
3.035952255245839297e+03
3.088937713687255837e+03
3.142810024602070371e+03
3.197582522111250910e+03
3.253268663517663754e+03
3.309882053178382193e+03
3.367436450352416614e+03
3.425945769649105841e+03
3.485424081436407050e+03
3.545885612207559461e+03
3.607344744904918571e+03
3.669816019199410221e+03
3.733314131724315303e+03
3.797853936261688887e+03
3.863450443880268267e+03
3.930118764606772402e+03
3.997873009893289236e+03
4.066726303117623047e+03
4.136691725895797390e+03
4.207782347913458580e+03
4.280011220048833820e+03
4.353391367268008253e+03
4.427935781289860643e+03
4.503657413018001535e+03
4.580569164736912171e+03
4.658683882070136860e+03
4.738014345697989484e+03
4.818573262999550934e+03
4.900374809422356520e+03
4.983438600603846680e+03
5.067785814431014842e+03
5.153438093606466282e+03
5.240417557636915262e+03
5.328746815143078493e+03
5.418448976500074423e+03
5.509547666818590187e+03
5.602067039276478681e+03
5.696031788811651495e+03
5.791467166186967006e+03
5.888398992438208552e+03
5.986852460095808055e+03
6.086831790674635158e+03
6.188321756404201551e+03
6.291304351435445824e+03
6.395759262248273444e+03
6.501663778042418016e+03
6.608992701403813044e+03
6.717718259496104110e+03
6.827810016041697963e+03
6.939234784372240028e+03
7.051956541844269850e+03
7.165936345930024800e+03
7.281132258881642883e+03
7.397518730451504780e+03
7.515131497364266579e+03
7.634021126502767402e+03
7.754241079143291245e+03
7.875847793492629535e+03
7.998900771168836400e+03
8.123462667958371640e+03
8.249599389197242999e+03
8.377380190141291678e+03
8.506877781708171824e+03
8.638168441992673252e+03
8.771332133976597106e+03
8.906448837266607370e+03
9.043541720008042830e+03
9.182585207611369697e+03
9.323549460505779280e+03
9.466401551057269899e+03
9.611105351809741478e+03
9.757621424534274411e+03
9.905906910411284116e+03
1.005591542168677006e+04
1.020759693516440711e+04
1.036089768791204006e+04
1.051576007557942467e+04
1.067212256345079186e+04
1.082993257351251486e+04
1.098917330901308196e+04
1.114983416569588917e+04
1.131190380012454443e+04
1.147537011861175961e+04
1.164022026635663133e+04
1.180644061680449522e+04
1.197401676124321057e+04
1.214293349865041819e+04
1.231317482580597425e+04
1.248472392768399914e+04
1.265756316813972080e+04
1.283167306587087842e+04
1.300701860000207853e+04
1.318355200067276201e+04
1.336122291434861472e+04
1.353997862602182249e+04
1.371976403062847749e+04
1.390052160662321148e+04
1.408219139184648157e+04
1.426471096182329711e+04
1.444801541063282275e+04
1.463203733448883759e+04
1.481670681817258264e+04
1.500195142215248597e+04
1.518769449218786212e+04
1.537385204809446259e+04
1.556033644801408991e+04
1.574705716682572347e+04
1.593392080238388371e+04
1.612083108647454355e+04
1.630768890066817403e+04
1.649439229724374673e+04
1.668083652535517103e+04
1.686691406260692020e+04
1.705251465219978127e+04
1.723752534580191787e+04
1.742182968749851352e+04
1.760529729190507351e+04
1.778778678277583094e+04
1.796915333861738327e+04
1.814924893825388062e+04
1.832792245926467149e+04
1.850501978634056650e+04
1.868038392973418013e+04
1.885385515396119445e+04
1.902527111688500736e+04
1.919446701929469054e+04
1.936127576506034893e+04
1.952552811692803880e+04
1.968704616711914787e+04
1.984563262087774638e+04
2.000108510126234250e+04
2.015319909856824233e+04
2.030176824445886086e+04
2.044658460168771126e+04
2.058743896927143942e+04
2.072412120291574684e+04
2.085642055043057917e+04
2.098412600180716981e+04
2.110702665356140642e+04
2.122491208687807011e+04
2.133757182277400716e+04
2.144478554725513459e+04
2.154632714713030509e+04
2.164197218484918631e+04
2.173149851517587740e+04
2.181468679234876618e+04
2.189132098938076888e+04
2.196118892830426921e+04
2.202408282006828813e+04
2.207979981269407654e+04
2.212814254620168867e+04
2.216891971272411683e+04
2.220194664923097298e+04
2.222705454526196263e+04
2.224410312496515326e+04
2.225296349040624409e+04
2.225351552876035930e+04
2.224564833926679785e+04
2.222926064879659680e+04
2.220426121439618873e+04
2.217056921116229205e+04
2.212811460380173958e+04
2.207683850023713967e+04
2.201669348563265521e+04
2.194764393523625404e+04
2.186967666988814017e+04
2.178290185862857834e+04
2.168750752998230018e+04
2.158369152602694157e+04
2.147165997698851425e+04
2.135162673865908437e+04
2.122381282489032674e+04
2.108844583697996495e+04
2.094575939172009021e+04
2.079599254982681668e+04
2.063938924641288759e+04
2.047619772510330949e+04
2.030667078852529085e+04
2.013118072554243918e+04
1.995033306198806531e+04
1.976475044940054067e+04
1.957504194005461613e+04
1.938180175773191149e+04
1.918560823853342663e+04
1.898702293671002190e+04
1.878658988975257307e+04
1.858483503637187459e+04
1.838226578050441822e+04
1.817937069409700780e+04
1.797662375776190675e+04
1.777456289638380258e+04
1.757377696178282349e+04
1.737483138810790479e+04
1.717826597835251960e+04
1.698459557851734644e+04
1.679431091142461446e+04
1.660787955677554055e+04
1.642574348664829449e+04
1.624819922314492942e+04
1.607537583371652909e+04
1.590738632997217428e+04
1.574433811624834561e+04
1.558633309773026485e+04
1.543336087405056969e+04
1.528516535992154058e+04
1.514146593224214303e+04
1.500199157985811871e+04
1.486635534463483236e+04
1.473391746504094226e+04
1.460402636922963575e+04
1.447601460798309563e+04
1.434902800473268326e+04
1.422217034766831421e+04
1.409453419356356972e+04
1.396505651847616173e+04
1.383266305621299944e+04
1.369629534167964630e+04
1.355489455250842730e+04
1.340745053803952032e+04
1.325300447146803890e+04
1.309066280392568297e+04
1.291969792265246360e+04
1.273955320217333065e+04
1.254985556224188804e+04
1.235050782095683826e+04
1.214160208658429656e+04
1.192359452429363591e+04
1.169713628199447703e+04
1.146330057890476019e+04
1.122332892323319720e+04
1.097881160373427520e+04
1.073148017764385804e+04
1.048344873662155078e+04
1.023684948889767293e+04
9.993840963875811212e+03
9.756586504489368963e+03
9.527451365466919015e+03
9.308485976268582817e+03
9.101257936032041471e+03
8.907223230444711589e+03
8.727776386740441012e+03
8.563650496750780803e+03
8.414974935986954733e+03
8.281370100018055382e+03
8.162076926210604142e+03
8.055620305431124507e+03
7.960126027219761454e+03
7.873087212732131775e+03
7.791650516909787257e+03
7.712453993091185112e+03
7.632086881486831771e+03
7.547149783863675111e+03
7.454393759881781989e+03
7.350853973980994851e+03
7.234429546652580029e+03
7.103797776724189134e+03
6.958888602472800812e+03
6.800595845107696732e+03
6.631036015572623910e+03
6.453334101023308904e+03
6.271495597562436160e+03
6.090066311244011558e+03
5.913681563404111330e+03
5.746723085824462942e+03
5.592962061904548136e+03
5.455192251614013003e+03
5.335162990289927620e+03
5.233358574164754828e+03
5.148547750172322594e+03
5.078012571400351590e+03
5.017711515384814447e+03
4.962908922341285688e+03
4.908300871052031653e+03
4.848729494950542176e+03
4.779608251034652312e+03
4.697659027642038382e+03
4.601299113715822386e+03
4.491391599758138909e+03
4.370727432280561516e+03
4.244180040526290213e+03
4.117286517323811495e+03
3.995792196126682484e+03
3.884562214059284997e+03
3.787160692698101684e+03
3.705083495884886815e+03
3.637808174601600513e+03
3.582292035457772272e+03
3.533962579136975364e+03
3.487015749525397950e+03
3.435851288837225184e+03
3.376228827287491185e+03
3.305944844547945195e+03
3.225482393360402057e+03
3.137985663533062507e+03
3.048492259209408076e+03
2.962367863206056427e+03
2.884315621676420051e+03
2.816632049717598875e+03
2.759703987614697326e+03
2.711040060322495719e+03
2.666825416361913085e+03
2.622012645324824462e+03
2.572883460925916097e+03
2.517258028490752622e+03
2.455950697295525060e+03
2.391512581239380779e+03
2.328060818337595265e+03
2.269318435658414728e+03
2.217038137492330861e+03
2.171273401148092944e+03
2.129616383030134784e+03
2.089185071663133385e+03
2.046864616230423508e+03
2.001384223658104474e+03
1.953335400305887561e+03
1.904702236886407263e+03
1.858260217814586895e+03
1.815380371230550281e+03
1.776375559334339414e+03
1.739869966931753879e+03
1.703663854155690842e+03
1.666625350540159616e+03
1.628381811522191356e+03
1.589867753368297372e+03
1.552814805158931676e+03
1.517915975410621058e+03
1.484903910539072513e+03
1.453192851465426656e+03
1.421755647597604593e+03
1.389945642240032612e+03
1.358387653419804110e+03
1.327878426365941550e+03
1.298567735661268671e+03
1.270198828644746527e+03
1.242553473804608075e+03
1.215505862529626484e+03
1.188955323296215965e+03
1.162891657757967096e+03
1.137417433105519194e+03
1.112632191931683792e+03
1.088558154002844276e+03
1.065124850450925123e+03
1.042260479723984190e+03
1.019909750283502831e+03
9.980620850366459536e+02
9.767162367920950601e+02
9.558703385504460357e+02
9.355184090952194538e+02
9.156447153164015162e+02
8.962325442425985784e+02
8.772658986147886253e+02
8.587294523818454763e+02
8.406079247295633650e+02
8.228858600414928333e+02
8.055484582568507221e+02
7.885816120240712053e+02
7.719718758019666893e+02
7.557064344385303230e+02
7.397722882306820793e+02
7.241551539790433480e+02
7.088412389907966826e+02
6.938175207087933813e+02
6.790717129716631462e+02
6.645922342091849941e+02
6.503681774227875394e+02
6.363892818106229470e+02
6.226458814380470130e+02
6.091285261909154087e+02
5.958280731720988115e+02
5.827359779709182703e+02
5.698442792932289649e+02
5.571455758087074628e+02
5.446330040220376532e+02
5.323002170657869101e+02
5.201413643195621717e+02
5.081510717664793333e+02
4.963244230041141805e+02
4.846569501868680163e+02
4.731455862577579978e+02
4.617893692899106668e+02
4.505876510668098831e+02
4.395398770974003924e+02
4.286455795071832995e+02
4.179043700180631049e+02
4.073159330187739897e+02
3.968800187283106879e+02
3.865964364553949508e+02
3.764650479576135353e+02
3.664857609043411912e+02
3.566585224480901957e+02
3.469836262325716802e+02
3.374632436786302492e+02
3.281000248909130050e+02
3.188963254828247500e+02
3.098542128651391181e+02
3.009754743425318111e+02
2.922616254633533686e+02
2.837139185891468856e+02
2.753333516513396830e+02
2.671206770635731118e+02
2.590764107592405026e+02
2.512008413248981071e+02
2.434940446363535500e+02
2.359561332463502765e+02
2.285873240714040548e+02
2.213875961473950724e+02
2.143566766092181126e+02
2.074940542466341071e+02
2.007989929279173680e+02
1.942705448560294030e+02
1.879075636249381773e+02
1.817087170465497934e+02
1.756724997215147255e+02
1.697972453298743574e+02
1.640811386201479820e+02
1.585222167122983592e+02
1.531183350782825983e+02
1.478672238520159965e+02
1.427665200011598756e+02
1.378137767651359127e+02
1.330064727168785907e+02
1.283420204691911124e+02
1.238177750227796423e+02
1.194310417544754443e+02
1.151790840454910949e+02
1.110591305507887796e+02
1.070683821118074235e+02
1.032040172767229222e+02
9.946315960062713657e+01
9.584287858104298152e+01
9.234024965095487403e+01
8.895236213328659858e+01
8.567632305527598646e+01
8.250926070219972530e+01
7.944832791801343319e+01
7.649070516071607528e+01
7.363360332045166956e+01
7.087426630851139464e+01
6.820997342552159637e+01
6.563804151718841240e+01
6.315581911651397462e+01
6.076065747782439530e+01
5.844994522134356885e+01
5.622112357777815106e+01
5.407168685002759645e+01
5.199918275176659677e+01
5.000121263784362924e+01
4.807543163269470909e+01
4.621954866281992480e+01
4.443132639920600724e+01
4.270858111540870539e+01
4.104918246684032823e+01
3.945105279872451121e+01
3.791215399725873425e+01
3.643048668771563570e+01
3.500410676675190302e+01
3.363112552459291038e+01
3.230970865749162613e+01
3.103807526324228405e+01
2.981449682241254706e+01
2.863729616781428078e+01
2.750484644460458483e+01
2.641557006326976875e+01
2.536793764762120418e+01
2.436046697980528108e+01
2.339172000654939509e+01
2.246029491342474671e+01
2.156483293556399872e+01
2.070402024354391202e+01
1.987658670267795458e+01
1.908130465281836408e+01
1.831698770981314794e+01
1.758248958893948100e+01
1.687670295058307701e+01
1.619855826838193380e+01
1.554702272000368168e+01
1.492109910068317191e+01
1.431982466818859301e+01
1.374226755586768078e+01
1.318752589582719104e+01
1.265473003653967332e+01
1.214304166522383888e+01
1.165165277512168451e+01
1.117978466183816444e+01
1.072668694817914137e+01
1.029163663692146713e+01
9.873937190946252329e+00
9.472917640165967157e+00
9.087931714676109607e+00
8.718357003562099194e+00
8.363593772597903708e+00
8.023063002189205761e+00
7.696207035473619840e+00
7.382489308027206043e+00
7.081393590221850332e+00
6.792423254734260674e+00
6.515100568502601774e+00
6.248966008410635098e+00
5.993577599995744798e+00
5.748510278493109027e+00
5.513355271545476555e+00
5.287719502923055259e+00
5.071224998802430051e+00
4.863507898076981917e+00
4.664217972668040169e+00
4.473018627027698813e+00
4.289586408798927941e+00
4.113610511501532230e+00
3.944792295234443191e+00
3.782844824780470905e+00
3.627492424519332292e+00
3.478470249572644057e+00
3.335523872622954578e+00
3.198408885866522944e+00
3.066890517576183139e+00
2.940743199110808614e+00
2.819750026033736034e+00
2.703702649115391488e+00
2.592401014810822524e+00
2.485653041610803804e+00
2.383274308685517706e+00
2.285087756370292045e+00
2.190923398058510330e+00
2.100618043082113306e+00
2.014015030174530096e+00
1.930963971125608358e+00
1.851320504251435572e+00
1.774946053997307649e+00
1.701707531917280747e+00
1.631477131921923451e+00
1.564132199840591708e+00
1.499555031931928406e+00
1.437632677744434817e+00
1.378256750694005106e+00
1.321323246062745982e+00
1.266732366134628585e+00
1.214388352193945586e+00
1.164199323122866225e+00
1.116077120344281193e+00
1.069937158865499560e+00
1.025698273218478951e+00
9.832825516687957457e-01
9.426152422903695260e-01
9.036246365048773432e-01
8.662419463088245619e-01
8.304011863968907559e-01
7.960390609889913538e-01
7.630948551760060594e-01
7.315103306061960797e-01
7.012296253413463631e-01
6.721991577181768429e-01
6.443675340569987586e-01
6.176854594451007818e-01
5.921056409357418060e-01
5.675827090927539897e-01
5.440731522068606996e-01
5.215352411785443287e-01
4.999289569455641069e-01
4.792159208420103123e-01
4.593593277716527257e-01
4.403238820828699884e-01
4.220757360369707945e-01
4.045824307659971475e-01
3.878128396201788175e-01
3.717371138091687399e-01
3.563266283147033531e-01
3.415539273832536860e-01
3.273926828465613115e-01
3.138176496093812440e-01
3.008046212916081208e-01
2.883303876772521646e-01
2.763726938971415859e-01
2.649102012751802238e-01
2.539224497707702199e-01
2.433898219527698692e-01
2.332935084429094419e-01
2.236154747691050104e-01
2.143384294528177803e-01
2.054457915147026859e-01
1.969216618920583695e-01
1.887507974063533378e-01
1.809185838573758032e-01
1.734110101506381174e-01
1.662146434849757493e-01
1.593166055571132722e-01
1.527045497416883446e-01
1.463666392069292443e-01
1.402915259277977833e-01
1.344683305599397583e-01
1.288866231392507278e-01
1.235364042234954746e-01
1.184080864217025297e-01
1.134924784575624956e-01
1.087807690884622230e-01
1.042645114273010876e-01
9.993560790934949423e-02
9.578629587769439679e-02
9.180913376190605324e-02
8.799698782557971444e-02
8.434301945942186685e-02
8.084067299748559643e-02
7.748366403508839817e-02
7.426596820452392722e-02
7.118181008538158883e-02
6.822565304563729671e-02
6.539218970403221087e-02
6.267633246260483071e-02
6.007320441985027765e-02
5.757813065884592046e-02
5.518662989490059900e-02
5.289440646792479411e-02
5.069734266532973516e-02
4.859149136183744250e-02
4.657306896315426686e-02
4.463844864095689591e-02
4.278415378200414038e-02
4.100685165075141497e-02
3.930334761885668354e-02
3.767057948862024414e-02
3.610561200957334432e-02
3.460563162179284419e-02
3.316794141658517547e-02
3.178995630556179924e-02
3.046919838950667633e-02
2.920329251878412899e-02
2.798996203737758037e-02
2.682702470297795502e-02
2.571238877117368662e-02
2.464404918320106316e-02
2.362008400028373784e-02
2.263865101519754730e-02
2.169798444883304367e-02
2.079639178207235567e-02
1.993225071885995278e-02
1.910400627503881441e-02
1.831016798775149737e-02
1.754930724041831383e-02
1.682005469851068080e-02
1.612109785153756358e-02
1.545117865683708937e-02
1.480909126854267066e-02
1.419367985238201464e-02
1.360383654459423886e-02
1.303849946879520258e-02
1.249665082822073309e-02
1.197731507705326361e-02
1.147955716755658974e-02
1.100248086987798066e-02
1.054522716150901353e-02
1.010697268351831539e-02
9.686928260791283565e-03
9.284337483624569357e-03
8.898475347179772219e-03
8.528646936729986083e-03
8.174186184368005190e-03
7.834454681531065334e-03
7.508840531141318560e-03
7.196757247145377755e-03
6.897642699708570434e-03
6.610958104170103211e-03
6.336187051945203416e-03
6.072834581634983277e-03
5.820426288676594853e-03
5.578507471935870501e-03
5.346642315706431024e-03
5.124413103242582423e-03
4.911419461795703441e-03
4.707277648536687190e-03
4.511619861137844759e-03
4.324093575830735732e-03
4.144360912940708852e-03
3.972098028758377919e-03
3.806994532654814530e-03
3.648752928393582395e-03
3.497088078635261690e-03
3.351726691672325936e-03
3.212406829471614340e-03
3.078877435943987769e-03
2.950897882843087766e-03
2.828237537781205357e-03
2.710675350760386512e-03
2.597999456168643799e-03
2.490006791271085450e-03
2.386502730543838945e-03
2.287300735193125052e-03
2.192222017229177901e-03
2.101095217490535870e-03
2.013756097039921030e-03
1.930047241376286853e-03
1.849817776929781488e-03
1.772923098857849458e-03
1.699224610008369819e-03
1.628589472452201658e-03
1.560890368394660804e-03
1.496005270825028323e-03
1.433817223693105913e-03
1.374214131217040826e-03
1.317088555943415548e-03
1.262337525195923304e-03
1.209862345564374124e-03
1.159568425100080064e-03
1.111365102897500425e-03
1.065165485715392248e-03
1.020886291028971684e-03
9.784476972239273748e-04
9.377732000834412785e-04
8.987894749395194515e-04
8.614262445469352079e-04
8.256161524467823479e-04
7.912946415916078616e-04
7.583998380135844024e-04
7.268724393261510224e-04
6.966556078584291902e-04
6.676948682298912289e-04
6.399380091804286047e-04
6.133349893774342476e-04
5.878378471237054011e-04
5.634006141597191000e-04
5.399792328526152293e-04
5.175314767903986144e-04
4.960168746758909092e-04
4.753966373832843356e-04
4.556335880459477035e-04
4.366920950494901691e-04
4.185380078093976428e-04
4.011385952175111234e-04
3.844624866464795899e-04
3.684796154016393771e-04
3.531611644891286461e-04
3.384795146992907659e-04
3.244081948508199288e-04
3.109218340755344695e-04
2.979961160858045680e-04
2.856077353425937331e-04
2.737343550451324325e-04
2.623545668665281261e-04
2.514478523627712591e-04
2.409945459855762661e-04
2.309757996324289194e-04
2.213735486695952135e-04
2.121704793022021721e-04
