1.792978620641350318e+01
1.825063905047288060e+01
1.857723353371654085e+01
1.890967239756284002e+01
1.924806022172543152e+01
1.959250345710046304e+01
1.994311045924198211e+01
2.029999152243597038e+01
2.066325891438393469e+01
2.103302691150671677e+01
2.140941183488011745e+01
2.179253208681291554e+01
2.218250818848889949e+01
2.257946282082373557e+01
2.298352086157476393e+01
2.339480942311451983e+01
2.381345789240719668e+01
2.423959797171033870e+01
2.467336372000493938e+01
2.511489159516671066e+01
2.556432049689224684e+01
2.602179181039311828e+01
2.648744945087175395e+01
2.696143990879339825e+01
2.744391229594346981e+01
2.793501839024921907e+01
2.843491268172248354e+01
2.894375242415673455e+01
2.946169768493696139e+01
2.998891139537334638e+01
3.052555940193604300e+01
3.107181051840531083e+01
3.162783657895535683e+01
3.219381249218699992e+01
3.276991629612680867e+01
3.335632921421067465e+01
3.395323571226768422e+01
3.456082355653676785e+01
3.517928387279152957e+01
3.580881120639193682e+01
3.644960358341644735e+01
3.710186257292802736e+01
3.776579335035449247e+01
3.844160476200223542e+01
3.912950939072324985e+01
3.982972362275828004e+01
4.054246771577359709e+01
4.126796586811580170e+01
4.200644628930461266e+01
4.275814127173888579e+01
4.352328726034359363e+01
4.430212492437518534e+01
4.509489923786086507e+01
4.590185955709568333e+01
4.672325969901484655e+01
4.755935802096576737e+01
4.841041750190665027e+01
4.927670582505663077e+01
5.015849546202347398e+01
5.105606375843543532e+01
5.196969302110350242e+01
5.289967060674194244e+01
5.384628901121691058e+01
5.480984595510244617e+01
5.579064448094157314e+01
5.678899305134244457e+01
5.780520564588993437e+01
5.883960185977819890e+01
5.989250700420492279e+01
6.096425220856107785e+01
6.205517452444526327e+01
6.316561703153703888e+01
6.429592894536172309e+01
6.544646572698097486e+01
6.661758919446963034e+01
6.780966762644048629e+01
6.902307587123289068e+01
7.025819547812443489e+01
7.151541481837402614e+01
7.279512920711508173e+01
7.409774102742572666e+01
7.542365985661334093e+01
7.677330259475273522e+01
7.814709359552132639e+01
7.954546479936722392e+01
8.096885586905564480e+01
8.241771432763538030e+01
8.389249569363698811e+01
8.539366359530103523e+01
8.692168993392709808e+01
8.847705504413265487e+01
9.006024784443501119e+01
9.167176599049025754e+01
9.331211603106343944e+01
9.498181356677967813e+01
9.668138341170448768e+01
9.841135975780524348e+01
1.001722863423433694e+02
1.019647166182511313e+02
1.037892139267400609e+02
1.056463516343653168e+02
1.075367132913502104e+02
1.094608928641379606e+02
1.114194949254547140e+02
1.134131348433870272e+02
1.154424389738224619e+02
1.175080448563129352e+02
1.196106014134226285e+02
1.217507691536212207e+02
1.239292203777852990e+02
1.261466393893711029e+02
1.284037227083279618e+02
1.307011792665252585e+02
1.330397305176531972e+02
1.354201107368410817e+02
1.378430672948805977e+02
1.403093608912344905e+02
1.428197657911107683e+02
1.453750700667419551e+02
1.479760758429362113e+02
1.506235995469848774e+02
1.533184721629955902e+02
1.560615394907323719e+02
1.588536624090445741e+02
1.616957171401785729e+02
1.645885953650616500e+02
1.675332044305335728e+02
1.705304678199481430e+02
1.735813254541021706e+02
1.766867339825834620e+02
1.798476670802572244e+02
1.830651157489770640e+02
1.863400886246104449e+02
1.896736122894756704e+02
1.930667315902863379e+02
1.965205099616925395e+02
2.000360297555215254e+02
2.036143924835564007e+02
2.072567187365347365e+02
2.109641488283059516e+02
2.147378433081637752e+02
2.185789833176809509e+02
2.224887709536534999e+02
2.264684296373899315e+02
2.305192044904467252e+02
2.346423627169247936e+02
2.388391939924427447e+02
2.431110108598990962e+02
2.474591491321417891e+02
2.518849682844205802e+02
2.563898512536235330e+02
2.609752046403832537e+02
2.656424598383990201e+02
2.703930735173652806e+02
2.752285280645741636e+02
2.801503320341315657e+02
2.851600206038986016e+02
2.902591560403038784e+02
2.954493281711500572e+02
3.007321548665540831e+02
3.061092825281550063e+02
3.115823865867323548e+02
3.171531716489837436e+02
3.228233705135381229e+02
3.285947458121357272e+02
3.344690910762836893e+02
3.404482312701308615e+02
3.465340233321404071e+02
3.527283567258758694e+02
3.590331540000528889e+02
3.654503713580130011e+02
3.719819992367679902e+02
3.786300628957716299e+02
3.853966230155795074e+02
3.922837762303518048e+02
3.992936533794297134e+02
4.064284194802979755e+02
4.136902769013243528e+02
4.210814661528698366e+02
4.286042665299744385e+02
4.362609967654570369e+02
4.440540156935785490e+02
4.519857229244322525e+02
4.600585595292301946e+02
4.682750087366383127e+02
4.766375966403423945e+02
4.851488929180108585e+02
4.938115104500170105e+02
5.026281018374257314e+02
5.116013634815367936e+02
5.207340377712666850e+02
5.300289138359175922e+02
5.394888283093721384e+02
5.491166661059926355e+02
5.589153612084164706e+02
5.688878974674006486e+02
5.790373094138831220e+02
5.893666830834266648e+02
5.998791568532245719e+02
6.105779219217764648e+02
6.214662131246636818e+02
6.325473078023844664e+02
6.438245368694209674e+02
6.553012862118920339e+02
6.669809975271897429e+02
6.788671691747807699e+02
6.909633570382951575e+02
7.032731753990085508e+02
7.158002978208195373e+02
7.285484580468454396e+02
7.415214509077306957e+02
7.547231332417856038e+02
7.681574260363311168e+02
7.818283195516829664e+02
7.957398708089998536e+02
8.098962032294391520e+02
8.243015076408378263e+02
8.389600432977732680e+02
8.538761389151192134e+02
8.690541937152320315e+02
8.844986784888969851e+02
9.002141366701656580e+02
9.162051854252433714e+02
9.324765167555154903e+02
9.490328950722127956e+02
9.658790737102918911e+02
9.830197853530509065e+02
1.000459824405492213e+03
1.018204051610785882e+03
1.036257394628941483e+03
1.054624848610475055e+03
1.073311476764701411e+03
1.092322410922255585e+03
1.111662852091443256e+03
1.131338071007982080e+03
1.151353408677735615e+03
1.171714276911987099e+03
1.192426186935818350e+03
1.213494838040669720e+03
1.234926041061182787e+03
1.256725692319501377e+03
1.278899774652822543e+03
1.301454358447663708e+03
1.324395602680708180e+03
1.347729755966144467e+03
1.371463157609354994e+03
1.395602238666880112e+03
1.420153523012465484e+03
1.445123628409113053e+03
1.470519263937173719e+03
1.496347153949022413e+03
1.522614034756129968e+03
1.549326725869010488e+03
1.576492133671040619e+03
1.604117252002979285e+03
1.632209162736266990e+03
1.660775036334471906e+03
1.689822132402394118e+03
1.719357800222183187e+03
1.749389479275919257e+03
1.779924699754028325e+03
1.810971083048682203e+03
1.842536323906323787e+03
1.874628138791216998e+03
1.907254314306542483e+03
1.940422722538827202e+03
1.974141321158714391e+03
2.008418153493930504e+03
2.043261348573609666e+03
2.078679121143077282e+03
2.114679771648191036e+03
2.151271686188305011e+03
2.188463336436979716e+03
2.226263279529443480e+03
2.264680132930479886e+03
2.303722104808224231e+03
2.343396998316163263e+03
2.383712616121669271e+03
2.424676772929055915e+03
2.466297292286864376e+03
2.508582003282292135e+03
2.551538737121163194e+03
2.595175323591812230e+03
2.639499587411311495e+03
2.684519344452606219e+03
2.730242397850958696e+03
2.776676534051418912e+03
2.823830103746355690e+03
2.871713520261158465e+03
2.920337795053632817e+03
2.969714122611054336e+03
3.019853884036037471e+03
3.070768650710271686e+03
3.122470188037932076e+03
3.174970459270542506e+03
3.228281629415229418e+03
3.282416069228197102e+03
3.337386359295571310e+03
3.393205294203308767e+03
3.449885404605218355e+03
3.507430873281967706e+03
3.565838138962356879e+03
3.625102519081655373e+03
3.685218395254793904e+03
3.746179175985468646e+03
3.807977259202103141e+03
3.870603994692372453e+03
3.934049646511652554e+03
3.998303355446292244e+03
4.063353101616979529e+03
4.129185667312189253e+03
4.195786602709213184e+03
4.263147777563152886e+03
4.331284885766729531e+03
4.400219336439083236e+03
4.469973600923215599e+03
4.540571244661949095e+03
4.612036960224099857e+03
4.684396601558619295e+03
4.757677219557831449e+03
4.831907099015348649e+03
4.907115797067900530e+03
4.983334183214904442e+03
5.060594481013975383e+03
5.138928803962675374e+03
5.218346557194153320e+03
5.298837632111896710e+03
5.380390080834396940e+03
5.462990581135305547e+03
5.546624389025823803e+03
5.631275291505054156e+03
5.716925559589602017e+03
5.803555901738465764e+03
5.891145417796225956e+03
5.979671553583102650e+03
6.069110056266608808e+03
6.159434934341049484e+03
6.250623344121513583e+03
6.342665768572651359e+03
6.435554777778268544e+03
6.529282391469292634e+03
6.623840069164332817e+03
6.719218700462803099e+03
6.815408595504914047e+03
6.912399475613176037e+03
7.010180464129839493e+03
7.108740077466020011e+03
7.208066216376915690e+03
7.308146157479554859e+03
7.408966090566050298e+03
7.510504982799418030e+03
7.612735823052908927e+03
7.715630169030183424e+03
7.819158243129752918e+03
7.923288916244245229e+03
8.027989692752910742e+03
8.133226696782481667e+03
8.238964659812309037e+03
8.345166909700990800e+03
8.451795361211787167e+03
8.558810508114380355e+03
8.666171415372151387e+03
8.773834569784707128e+03
8.881751763343416314e+03
8.989872585078270276e+03
9.098144949684012317e+03
9.206515100433842235e+03
9.314927614805668782e+03
9.423325412925505589e+03
9.531649768929568381e+03
9.639840325345636302e+03
9.747835110590698605e+03
9.855570559679716098e+03
9.962981538236335837e+03
1.007000084400403648e+04
1.017655286633557444e+04
1.028255536900793959e+04
1.038792407530646415e+04
1.049257281416559999e+04
1.059641357666080330e+04
1.069935657834736594e+04
1.080131032755546039e+04
1.090218169973687509e+04
1.100187601794716102e+04
1.110029713953219107e+04
1.119734754907351453e+04
1.129292844897942996e+04
1.138693599306224314e+04
1.147925510314505846e+04
1.156976772198941035e+04
1.165835451619819833e+04
1.174489503592077926e+04
1.182926788377078083e+04
1.191135089287959272e+04
1.199102131397382072e+04
1.206815601132755364e+04
1.214263166740134147e+04
1.221432499593957800e+04
1.228311296325816147e+04
1.234887242815113495e+04
1.241147397171724151e+04
1.247078441809008291e+04
1.252667152024227107e+04
1.257900432948451999e+04
1.262765349578047790e+04
1.267249157548311632e+04
1.271339334578571652e+04
1.275023612511979627e+04
1.278290009867255867e+04
1.281126864813819702e+04
1.283522868475873111e+04
1.285467100109190869e+04
1.286949548961206892e+04
1.287961832472949573e+04
1.288496228901335598e+04
1.288545532558166815e+04
1.288103079617696676e+04
1.287162773265426404e+04
1.285719108088204302e+04
1.283767193605227294e+04
1.281302776839245053e+04
1.278322263827542338e+04
1.274822739972982345e+04
1.270801989136610973e+04
1.266259110310722281e+04
1.261200348669776577e+04
1.255636467104718213e+04
1.249578814514691840e+04
1.243039237876579500e+04
1.236030049872881500e+04
1.228563996159053386e+04
1.220654222376473081e+04
1.212314241014764411e+04
1.203557898224635755e+04
1.194399340679379384e+04
1.184852982579890704e+04
1.174933518968517819e+04
1.164662451658159080e+04
1.154074544039378998e+04
1.143205541283706589e+04
1.132090422719296839e+04
1.120763329595189316e+04
1.109257502467791164e+04
1.097605227938953431e+04
1.085837794432155351e+04
1.073985456657212126e+04
1.062077408384467708e+04
1.050141763126061414e+04
1.038205770842336824e+04
1.026299887211838541e+04
1.014457091579937151e+04
1.002709027278879330e+04
9.910858850258886378e+03
9.796164365265020024e+03
9.683280767342519539e+03
9.572468740308137058e+03
9.463974163683480583e+03
9.357957298942736088e+03
9.254479870283088530e+03
9.153594458884645064e+03
9.055350604570288851e+03
8.959794801961776102e+03
8.866908232378207686e+03
8.776529251887661303e+03
8.688482423208390173e+03
8.602598455268611360e+03
8.518647185245437868e+03
8.436264852874228382e+03
8.355083057695661410e+03
8.274724955701183717e+03
8.194706687588730347e+03
8.114521646377513207e+03
8.033662643895399015e+03
7.951552609494636272e+03
7.867614802671361758e+03
7.781288430084981883e+03
7.692022665057264021e+03
7.599297402474248884e+03
7.502626926648383233e+03
7.401565608434469141e+03
7.295770824519442613e+03
7.185004807212171727e+03
7.069129912450531265e+03
6.948157311146646862e+03
6.822197949856515152e+03
6.691554701101946193e+03
6.556631637674254307e+03
6.418056285353177373e+03
6.276539290164453632e+03
6.132965139442385407e+03
5.988279207242524535e+03
5.843599657999032388e+03
5.700051702798856240e+03
5.558794477124371042e+03
5.420959122801777994e+03
5.287705493846102399e+03
5.160055334457937533e+03
5.038845017827816264e+03
4.924785744307378081e+03
4.818466921554925648e+03
4.720192216137831565e+03
4.630003634989277998e+03
4.547642739447352142e+03
4.472637266024442397e+03
4.404170569477193567e+03
4.341240694458223516e+03
4.282553479900830098e+03
4.226665868763426261e+03
4.171914927614092448e+03
4.116645269792863473e+03
4.059241685808306102e+03
3.998209941485506079e+03
3.932227660485947581e+03
3.860396376544346822e+03
3.782191323827499673e+03
3.697679447899422485e+03
3.607370897870847330e+03
3.512333789745207923e+03
3.414082139334695512e+03
3.314513992642552239e+03
3.215746278107415492e+03
3.119912896992739206e+03
3.029002946017138129e+03
2.944709639563600376e+03
2.868264008190755703e+03
2.800401150264043736e+03
2.741256670014212432e+03
2.690178698295230788e+03
2.645844075644719396e+03
2.606362926668616183e+03
2.569567441032671468e+03
2.533081278893733270e+03
2.494636073046534420e+03
2.452261731087634871e+03
2.404586709646422150e+03
2.350991057682942028e+03
2.291912646585383754e+03
2.228607645245224376e+03
2.163195853484117833e+03
2.098065874251125479e+03
2.035693853542622037e+03
1.978163935398802778e+03
1.926978233978619983e+03
1.882742935846114051e+03
1.845191012614491456e+03
1.812966117304709087e+03
1.784065847594173420e+03
1.755999148618831896e+03
1.726393552984563939e+03
1.693478833107308446e+03
1.656349617649595757e+03
1.615223618465370009e+03
1.571422285233829143e+03
1.527052875518456631e+03
1.484364978561810631e+03
1.445333720560985512e+03
1.410920298495872203e+03
1.381277459988227974e+03
1.355342153137879677e+03
1.331495642325807694e+03
1.307607451013215496e+03
1.282109300352590026e+03
1.254077449247134155e+03
1.223842033241590116e+03
1.192460262644010072e+03
1.161655287961771137e+03
1.132993632639988164e+03
1.107224090663364677e+03
1.084375224285115792e+03
1.063426784247064461e+03
1.043148795934815325e+03
1.022202381223880479e+03
1.000028464709366858e+03
9.768568877863325497e+02
9.535257873440010599e+02
9.312255495948151065e+02
9.105565374956709093e+02
8.916690290298979562e+02
8.739645626184243383e+02
8.564752811943535562e+02
8.386878615523781946e+02
8.204156590105250189e+02
8.020645404065867297e+02
7.844059598900361152e+02
7.677553876509971360e+02
7.520036053347737379e+02
7.368847951828195164e+02
7.219132677475394075e+02
7.067790999479296943e+02
6.917700415643288352e+02
6.772572454420172789e+02
6.633114445968946029e+02
6.498133600961300544e+02
6.366592515197153261e+02
6.237829884729421792e+02
6.111296459848135783e+02
5.986918061544394050e+02
5.865216697076130004e+02
5.746704392171031941e+02
5.631497445107730755e+02
5.519233456454546740e+02
5.409541849839084762e+02
5.302137329189329193e+02
5.196969406251992041e+02
5.094037208779187722e+02
4.993337161527041985e+02
4.894846914166046190e+02
4.798499260597322404e+02
4.704222175623576163e+02
4.611946596447770617e+02
4.521606299004625953e+02
4.433137796558968375e+02
4.346480232845901810e+02
4.261575251292280768e+02
4.178366891338839650e+02
4.096801491483369091e+02
4.016827592454583851e+02
3.938394240925840109e+02
3.861448697750283827e+02
3.785940013232898878e+02
3.711819570728439430e+02
3.639040992652695650e+02
3.567560051002555497e+02
3.497334582107686742e+02
3.428324405352450981e+02
3.360491119762050403e+02
3.293796206512940898e+02
3.228201535848251069e+02
3.163670910484459569e+02
3.100170035132354656e+02
3.037666443607927249e+02
2.976129429075568851e+02
2.915529977200773146e+02
2.855840702002827243e+02
2.797035784210491443e+02
2.739090911935090844e+02
2.681983223224389121e+02
2.625691223525119540e+02
2.570194711505988607e+02
2.515474776882900585e+02
2.461513755990851564e+02
2.408295182829193948e+02
2.355803741423929125e+02
2.304025219397711908e+02
2.252946462646536361e+02
2.202555331029636250e+02
2.152840654987111577e+02
2.103792193006828199e+02
2.055400589869531416e+02
2.007657954964481632e+02
1.960560886217511722e+02
1.914107731171984881e+02
1.868297035560471215e+02
1.823127520146336451e+02
1.778598060886846497e+02
1.734707669434961304e+02
1.691455473991190388e+02
1.648840700517724258e+02
1.606862654327870530e+02
1.565520702064556815e+02
1.524814254082169214e+02
1.484742810880447905e+02
1.445308772245676607e+02
1.406518176693987812e+02
1.368376595374663793e+02
1.330888826878598081e+02
1.294058915210806902e+02
1.257890168364195205e+02
1.222385177439830670e+02
1.187545836259543535e+02
1.153373361417475280e+02
1.119868312718191419e+02
1.087030613949829245e+02
1.054859573941947986e+02
1.023354283281645962e+02
9.925152927176117146e+01
9.623430203340946321e+01
9.328369894526976225e+01
9.039958705501047120e+01
8.758175238764870585e+01
8.482990417541378747e+01
8.214367904557290956e+01
7.952264515688614210e+01
7.696630627607245856e+01
7.447410578636197442e+01
7.204543062090955630e+01
6.967961537517739146e+01
6.737595586852114593e+01
6.513371422296634705e+01
6.295210881403478709e+01
6.083031699130017245e+01
5.876747865559994466e+01
5.676269972146860709e+01
5.481505546204280677e+01
5.292359373424529423e+01
5.108733808259263043e+01
4.930529072046803662e+01
4.757643538817647055e+01
4.589974008754334278e+01
4.427415670995589636e+01
4.269861172416145934e+01
4.117202106597497391e+01
3.969329770081519371e+01
3.826135350626549325e+01
3.687510104587013871e+01
3.553345523946995854e+01
3.423533493227855473e+01
3.297966436505855370e+01
3.176537454789333026e+01
3.059140454016600330e+01
2.945670263946347589e+01
2.836022722574544019e+01
2.730093951894204807e+01
2.627780419737749540e+01
2.528980120694491163e+01
2.433592699206954535e+01
2.341519496619800123e+01
2.252663592568316631e+01
2.166929840964137099e+01
2.084224900832652949e+01
2.004457262253513861e+01
1.927537267651292296e+01
1.853377128679212404e+01
1.781890938933932844e+01
1.712994517039719966e+01
1.646604822653819156e+01
1.582640628018579321e+01
1.521022768011435922e+01
1.461674119716892228e+01
1.404519580125199063e+01
1.349486042171372446e+01
1.296502369256817211e+01
1.245499368390212780e+01
1.196409762078539529e+01
1.149168159093357744e+01
1.103711024232015525e+01
1.059976637899268326e+01
1.017904805267250268e+01
9.774368371811014811e+00
9.385158433589433358e+00
9.010867087292803390e+00
8.650960512395259983e+00
8.304921799414072936e+00
7.972250533984388987e+00
7.652462384574293175e+00
7.345088694226830306e+00
7.049676076685375214e+00
6.765786017229276972e+00
6.492994478517805312e+00
6.230891093281392124e+00
5.979077442453427871e+00
5.737168293739483893e+00
5.504791772245615888e+00
5.281588954422714366e+00
5.067213471338019914e+00
4.861331121255478394e+00
4.663619491458942612e+00
4.473767589243042408e+00
4.291475481987652607e+00
4.116453946224737592e+00
3.948424125598365642e+00
3.787117175537935143e+00
3.632273401358278697e+00
3.483642013143164462e+00
3.340981460202592235e+00
3.204059145831673838e+00
3.072651118744826881e+00
2.946541773946576015e+00
2.825523562810535960e+00
2.709396712141059815e+00
2.597968951994079845e+00
2.491055252036637135e+00
2.388477566227512394e+00
2.290064585603981406e+00
2.195651415358143677e+00
2.105079102720264661e+00
2.018194719728037434e+00
1.934851238814901064e+00
1.854907315160930770e+00
1.778227076563518194e+00
1.704679920593439757e+00
1.634140318807709713e+00
1.566487627796659066e+00
1.501605906848371363e+00
1.439383742019739065e+00
1.379714076408785184e+00
1.322494041883997440e+00
1.267624703894338678e+00
1.215010929094583192e+00
1.164561348549423947e+00
1.116188217703167451e+00
1.069807276682332997e+00
1.025337615776238831e+00
9.827015459137146136e-01
9.418244739601459026e-01
9.026347826646214934e-01
8.650637150925992724e-01
8.290452633849191288e-01
7.945160616891375760e-01
7.614152676313097334e-01
7.296844231879811016e-01
6.992674131043103980e-01
6.701103876860667885e-01
6.421616730768671122e-01
6.153716850004047334e-01
5.896928458381536231e-01
5.650795049177131935e-01
5.414878618913763209e-01
5.188758930889156851e-01
4.972032807326823844e-01
4.764313449071819750e-01
4.565229772838472755e-01
4.374425613427251891e-01
4.191559166199937958e-01
4.016302588471231116e-01
3.848341443450259969e-01
3.687374159179533373e-01
3.533111508950331214e-01
3.385276112360213197e-01
3.243601956209054005e-01
3.107833934460971781e-01
2.977727406528790088e-01
2.853047773165626189e-01
2.733570069275017556e-01
2.619078544715087165e-01
2.509366223723655254e-01
2.404234637508355088e-01
2.303493501118265285e-01
2.206960379051006171e-01
2.114460364368085654e-01
2.025825770780407542e-01
1.940895837187018858e-01
1.859516444170150051e-01
1.781539841969513316e-01
1.706824389477171189e-01
1.635234303812475865e-01
1.566639418298604591e-01
1.500914922411594743e-01
1.437941150572417115e-01
1.377603399911132009e-01
1.319791726759668438e-01
1.264400750443037680e-01
1.211329465095960511e-01
1.160481059179930968e-01
1.111762742388479608e-01
1.065085579641059793e-01
1.020364331877999103e-01
9.775173033803573330e-02
9.364661953489619717e-02
8.971359602875376982e-02
8.594546566385576070e-02
8.233533357932193431e-02
7.887659218392277516e-02
7.556290924166013390e-02
7.238821644874005035e-02
6.934669848180566309e-02
6.643278249812065162e-02
6.364112806916918941e-02
6.096661752990434335e-02
5.840434672658943033e-02
5.594961614687746221e-02
5.359792238172936957e-02
5.134494945235207330e-02
4.918656120279201599e-02
4.711879430826106108e-02
4.513785109123550493e-02
4.324009262068175680e-02
4.142203209763092170e-02
3.968032851527193011e-02
3.801178058222429851e-02
3.641332089811725320e-02
3.488201037104481789e-02
3.341503286690140906e-02
3.200969008096285484e-02
3.066339652550049283e-02
2.937367464117479968e-02
2.813815056587844893e-02
2.695454986410301609e-02
2.582069337233924497e-02
2.473449321758527594e-02
2.369394900177555080e-02
2.269714414523711990e-02
2.174224238256931840e-02
2.082748440461275677e-02
1.995118464043691905e-02
1.911172817352815162e-02
1.830756777966151619e-02
1.753722100168185125e-02
1.679926747832299200e-02
1.609234642835782533e-02
1.541515415774596769e-02
1.476644166877148778e-02
1.414501236910856857e-02
1.354971987664638743e-02
1.297946591608162628e-02
1.243319830345110226e-02
1.190990901493571910e-02
1.140863233642199111e-02
1.092844309043274759e-02
1.046845491887160931e-02
1.002781862548640310e-02
9.605720666757690610e-03
9.201381666570033341e-03
8.814054983008606792e-03
8.443025335184491109e-03
8.087607487578812523e-03
7.747144989499923917e-03
7.421008967349907413e-03
7.108596967490886896e-03
6.809331847595339465e-03
6.522660714452245198e-03
6.248053904887058453e-03
5.985003993828795325e-03
5.733024868811499933e-03
5.491650849478805704e-03
5.260435829870531606e-03
5.038952456367242795e-03
4.826791340121453118e-03
4.623560302529904423e-03
4.428883652362837139e-03
4.242401493223622345e-03
4.063769060067590720e-03
3.892656083562404373e-03
3.728746181117137144e-03
3.571736269967078475e-03
3.421336003257778244e-03
3.277267243690645294e-03
3.139263552019546603e-03
3.007069695369299703e-03
2.880441176203827214e-03
2.759143781077583613e-03
2.642953148339874641e-03
2.531654353997074211e-03
2.425041514970468354e-03
2.322917409019899411e-03
2.225093110633513671e-03
2.131387641930394903e-03
2.041627635414967456e-03
1.955647015606576822e-03
1.873286694875260245e-03
1.794394279604739038e-03
1.718823788658870380e-03
1.646435383681925987e-03
1.577095110735560407e-03
1.510674652796395543e-03
1.447051092657769458e-03
1.386106685798821608e-03
1.327728642801991130e-03
1.271808920916059262e-03
1.218244023707897245e-03
1.166934808942971750e-03
1.117786307005780343e-03
1.070707545612015156e-03
1.025611381617125761e-03
9.824143398987194437e-04
9.410364590154024229e-04
9.014011433572728009e-04
8.634350215150803694e-04
8.270678106066502860e-04
7.922321863101358577e-04
7.588636583640840901e-04
7.269004512479620072e-04
6.962833893793058315e-04
6.669557880189638842e-04
6.388633488627395171e-04
6.119540596045184265e-04
5.861780977186955731e-04
5.614877382911347701e-04
5.378372657283808081e-04
5.151828891820349563e-04
4.934826615319441896e-04
4.726964017785902582e-04
4.527856207012121445e-04
4.337134496437565403e-04
4.154445721561590417e-04
3.979451584947690931e-04
3.811828033540664131e-04
3.651264659481403283e-04
3.497464125642136493e-04
3.350141615341546654e-04
3.209024305221859063e-04
3.073850860313705300e-04
2.944370950354738346e-04
2.820344786467713239e-04
2.701542677341331922e-04
2.587744604092950796e-04
2.478739812965343359e-04
2.374326424677815166e-04
2.274311061118321285e-04
2.178508487795800775e-04
2.086741270948813329e-04
1.998839449084282866e-04
1.914640218344014965e-04
1.833987631117132326e-04
1.756732307340774844e-04
1.682731157955132399e-04
1.611847120001110034e-04
1.543948902870621160e-04
1.478910745235413745e-04
1.416612181357393278e-04
