nan
nan
nan
nan
6.388885916474764599e+02
nan
nan
1.808351009667850121e+03
nan
nan
nan
7.228904040497731330e+03
nan
1.296990136532501856e+04
5.848312090101867398e+03
5.262455882461429610e+03
5.144834641481240396e+03
2.631665441306811772e+03
2.161816895032539378e+03
2.137343838774250344e+03
1.147344759767674759e+03
6.806510528057982583e+02
4.863874608750754760e+02
2.707286460409685560e+02
1.721332191022312088e+02
1.033560630543460945e+02
5.180861379011377466e+01
3.292733473005718992e+01
1.600726897131418269e+01
9.140583589947983256e+00
6.270690043756638410e+00
4.230077214097981653e+00
3.298332209820280969e+00
2.300803750892685517e+00
1.705830379805791885e+00
1.274692511324239774e+00
9.057232547360202224e-01
6.536453576446326075e-01
4.589467767034731138e-01
3.001000369134091406e-01
1.983673206213658058e-01
1.242921161624001708e-01
7.336510695622788791e-02
3.807692115424698293e-02
2.090569679469236886e-02
9.711575224976360526e-03
3.221297992987100234e-03
3.663635224367716402e-03
1.450300829256401030e-03
-2.392069084160835558e-03
