nan
nan
nan
nan
nan
7.299929369240234337e+03
9.432380783194794276e+03
1.782017393496079603e+04
1.031623885721936313e+04
4.007135527196013754e+03
5.428855117543625965e+03
4.676672255682151444e+03
2.621776133395456782e+03
1.985184183642758171e+03
1.351307842511596846e+03
9.703841804081957889e+02
5.768464012875264189e+02
3.854135766694845415e+02
2.499776602827249974e+02
1.547988869032442665e+02
9.010473621454318049e+01
5.355413193235440872e+01
3.053805665955600546e+01
1.704712938362769492e+01
1.023282132727183047e+01
7.106727681098393923e+00
5.447159490718661345e+00
4.107024167015282501e+00
3.049211324896644371e+00
2.265075571856718373e+00
1.725537356257855981e+00
1.276228164320257763e+00
9.651675456621107152e-01
7.037498279300123949e-01
5.188205414304906116e-01
3.757985442788531194e-01
2.683532486276185014e-01
1.889699644413519175e-01
1.298907550430050406e-01
8.755133748647528358e-02
5.673794750645689416e-02
3.597020661513222056e-02
2.090110096589251759e-02
1.234886821349283521e-02
6.387446446640230625e-03
3.264352294121349984e-03
1.019376112606496833e-03
1.435098030349637619e-03
5.715867386021083064e-04
-5.329188977528621311e-04
