nan
nan
nan
nan
nan
2.793238548539114345e+04
1.881589161168708961e+04
2.589522196041470670e+04
2.516759213006597929e+04
1.542070240339302654e+04
1.687457570045411921e+04
8.457102827521206564e+03
6.606533459000943367e+03
5.797824734663770869e+03
3.086974191412448818e+03
2.211691002955078602e+03
1.460176992750401496e+03
9.895465637225156570e+02
6.528690109688018310e+02
4.390015179324371957e+02
2.784658923425757280e+02
1.765225746373888285e+02
1.043555918348145610e+02
6.224448967130511079e+01
3.440340852846399855e+01
1.855785855893919489e+01
1.073983527379071568e+01
7.058521655456280186e+00
5.332167015706726687e+00
3.870765609333941537e+00
2.948648916199629877e+00
2.172935486955078765e+00
1.627201170996048107e+00
1.203004221783209093e+00
8.648453927525696638e-01
6.174198599417911604e-01
4.410662675070628480e-01
3.162567928962684571e-01
2.138800897218921804e-01
1.459346894721808563e-01
9.615190729078325338e-02
6.010647116876945140e-02
3.690128034276254909e-02
2.111804401123134819e-02
1.065864011773999184e-02
4.781281220394585467e-03
1.442025350039006452e-03
2.187994988518850940e-03
8.867707597193349089e-04
-4.979389554369590028e-04
