nan
nan
nan
nan
nan
nan
nan
nan
nan
nan
nan
1.629748396549492327e+03
nan
nan
nan
1.549370697162628403e+03
6.392823955844799002e+02
4.574915247588450029e+02
2.296039187237627175e+02
2.149656396737787531e+02
1.467509198510115027e+02
6.229232547664874176e+01
3.824901937454113465e+01
2.713208663480220650e+01
1.578018050036207853e+01
8.307103282647476661e+00
6.454076629691478217e+00
5.228797701618915106e+00
3.755470852838405094e+00
2.894481330930800400e+00
2.147796710189623148e+00
1.649249004045263645e+00
1.240008297948462346e+00
8.931564340368475241e-01
6.723189937103447589e-01
4.806225210531482883e-01
3.274023843659639721e-01
2.471840559605971155e-01
1.708832054637226816e-01
1.151601760198825986e-01
7.614615371199348615e-02
4.688289005150950151e-02
3.002897362991803140e-02
1.731371742196822008e-02
8.103764362508385569e-03
3.540319399871326694e-03
1.466082099251919896e-03
1.627848362820671175e-03
8.382256668284990535e-04
-1.114158526379625510e-03
