1.456806568265682436e+05
2.867089921586715718e+04
2.352084697199912989e+04
3.037610876383764116e+04
2.379797798277982656e+04
2.513872785977859530e+04
2.103134390855627134e+04
1.483014491718225327e+04
1.125570346639829950e+04
8.953304309692581228e+03
6.298140363945695754e+03
5.057398429582489371e+03
3.443256758969143903e+03
2.427982376982194637e+03
1.680693556686733245e+03
1.143478424703690052e+03
7.775255099671430798e+02
5.136066239424093283e+02
3.419199362998539300e+02
2.216586205495168542e+02
1.372877367859551043e+02
8.225502985768920894e+01
4.704455528796042785e+01
2.589427775842662527e+01
1.443105830211606211e+01
8.962600282648436334e+00
6.387104821198284377e+00
4.795203854260687848e+00
3.608320644158627744e+00
2.684187827285474892e+00
2.014418025382533894e+00
1.503192623258723382e+00
1.103257007182256277e+00
8.101878125076173998e-01
5.952842249414477260e-01
4.313231387256035720e-01
3.078962701922842160e-01
2.179749512928073341e-01
1.490384020686328637e-01
1.014159545704821364e-01
6.591874317571289055e-02
4.200396228837730006e-02
2.490782218499278458e-02
1.405992142741376190e-02
6.822747622772430513e-03
3.358753693300644671e-03
1.304397727485338138e-03
1.390460092829239134e-03
5.322739179481947693e-04
-4.763696436735816988e-04
