nan
nan
nan
nan
nan
9.750694888572314085e+03
1.710142382112071937e+04
2.077903828712132599e+04
1.694196775732803144e+04
6.862280336972218720e+03
7.852232256632653844e+03
7.477140199789081635e+03
4.488215178011389980e+03
3.632119892843762045e+03
2.239629114175319955e+03
1.765057099075815358e+03
1.088726994260760193e+03
7.303224358448310340e+02
5.135325579739059094e+02
3.261910412662741123e+02
1.928601309892054587e+02
1.273674960088685140e+02
7.442694663709924896e+01
3.947696779301482906e+01
2.169883308591829163e+01
1.244115112811069679e+01
7.786917066081743499e+00
5.597763288932265269e+00
4.230424415063381183e+00
3.180872410334797173e+00
2.381843034235437973e+00
1.754575560694843661e+00
1.286113271808983161e+00
9.603473961566548756e-01
7.066577917505793005e-01
4.936269840661497432e-01
3.553384379484640920e-01
2.542794970089378159e-01
1.740991989279999930e-01
1.171557955193743977e-01
7.669536095386683683e-02
4.804013787446550360e-02
2.854678274971255217e-02
1.686512978450906142e-02
9.434231550586057169e-03
4.561664343415239818e-03
1.573293371255618392e-03
1.579550678570652020e-03
3.410775481210228137e-04
-7.575064640674019321e-04
