1.843197441801276291e+05
1.169133421245850768e+05
1.787334413261843438e+05
1.412064104325030639e+05
1.492629864652468823e+05
1.010738325313860551e+05
9.102509247389825759e+04
6.727727384975267341e+04
4.952769500109429646e+04
3.810677058031596971e+04
2.820190918356723705e+04
1.966532683184474445e+04
1.435234708253973076e+04
9.908046285785281725e+03
6.823807426324587141e+03
4.705362057915020159e+03
3.169922921981355103e+03
2.109633773589622706e+03
1.416269433895689644e+03
9.268201883062644129e+02
5.993103900682233416e+02
3.821164745556596927e+02
2.364959300297490188e+02
1.417243179631493604e+02
8.285725136540661140e+01
4.692669508475042051e+01
2.549494628673585694e+01
1.383711992845373828e+01
8.270809698359927964e+00
5.674545749835316677e+00
4.280865109355028508e+00
3.203855476575775629e+00
2.379604483191879449e+00
1.753999670212356810e+00
1.265935608035060556e+00
9.202403846867138748e-01
6.525676513593776651e-01
4.643443101070140466e-01
3.230506118493429168e-01
2.210587588378473134e-01
1.392778026445318784e-01
8.709985359646563174e-02
5.525611891531562875e-02
3.122994048740722686e-02
1.739012512469450059e-02
7.352663560401445468e-03
1.967180459035245375e-03
3.668118387371055965e-03
1.399980829707446733e-03
-1.161177150889595522e-03
