nan
nan
nan
nan
nan
3.855740612409347523e+04
1.990108058017727672e+04
3.171625342465753420e+04
3.404804411764705583e+04
1.861511704270749397e+04
2.227388564940297510e+04
1.053055930701047510e+04
8.770564161966156462e+03
7.931061100795291168e+03
3.991096856863085577e+03
2.877955732401107525e+03
2.055904289500757386e+03
1.333439807711412641e+03
8.941809969869362931e+02
6.077181747054289644e+02
3.764732721107532711e+02
2.548177526891655305e+02
1.583843497519536641e+02
9.222772828648129462e+01
5.418430734326262410e+01
2.984170951238325387e+01
1.568095926052072642e+01
9.055180935253023478e+00
6.260142754991248282e+00
4.475038699414440657e+00
3.473677736842450514e+00
2.603416455863697188e+00
1.918070163833898834e+00
1.394001176541918241e+00
9.975945960456156225e-01
7.267061374082636194e-01
5.197680557013709679e-01
3.652027511722610309e-01
2.551986328509488478e-01
1.734699833456184448e-01
1.094059512766694248e-01
6.950331458128183870e-02
4.245603225476048820e-02
2.304909525793146993e-02
1.047314155835541750e-02
4.990940209691672146e-03
7.301251374563538961e-04
1.998535672961654786e-03
9.365215362136263986e-04
-8.646713782600408188e-04
