1.410991112220237264e+05
7.666886346442250942e+04
9.730979099055824918e+04
9.514781805584742688e+04
7.472447248199128080e+04
7.622623300212775939e+04
6.623680704208943644e+04
4.858554544048994285e+04
3.909073206496300554e+04
3.082770229169688537e+04
2.317267896081039726e+04
1.748128519408204374e+04
1.193769572608696399e+04
8.545915908487599154e+03
6.060190496418441398e+03
4.293674405160099923e+03
2.961729950182708762e+03
1.993927499121068877e+03
1.347257218246796810e+03
9.151858301149893578e+02
6.024184911661445767e+02
3.899049632770887683e+02
2.460066103275000842e+02
1.487269176076483745e+02
8.818920551136901054e+01
4.926872801558022985e+01
2.718808472574777824e+01
1.464166165616100557e+01
8.556485775682631356e+00
5.838351174766221341e+00
4.314934303458604958e+00
3.180989394914991220e+00
2.383720220062191864e+00
1.750932843147937401e+00
1.271658681031300420e+00
9.223510659081861629e-01
6.453064010925325666e-01
4.628392219848677658e-01
3.202560289476442112e-01
2.145226723528103896e-01
1.369364897264456760e-01
8.486103630386608587e-02
5.227749897181028366e-02
2.851788526269659341e-02
1.498613149647319738e-02
6.694888301776199917e-03
1.160105340418886473e-03
2.822952640680721683e-03
1.160328821546608054e-03
-9.176262196608760222e-04
