1.723305242718446825e+05
3.277995570388349734e+04
2.908949514563107005e+04
4.008576868932039361e+04
3.646426310679611925e+04
3.801433623643632745e+04
3.008781079338592463e+04
2.239373182349076887e+04
1.690778384819064740e+04
1.361219926266973744e+04
9.928110008166229818e+03
8.279193407701242904e+03
5.607443076544396718e+03
4.228651817629539437e+03
2.828691139833004399e+03
2.030353719181994848e+03
1.383436829910807774e+03
9.666408186374217166e+02
6.542782439754359984e+02
4.435543325881364467e+02
2.888605310091652427e+02
1.861401244642981965e+02
1.120516497536348766e+02
6.320026650119832112e+01
3.387591215904043906e+01
1.823394604341769565e+01
1.031294171367998658e+01
6.894419403845766681e+00
5.082961765295979539e+00
3.811251634053361315e+00
2.863567102624132943e+00
2.119402542346936702e+00
1.549133128924614189e+00
1.150964095823647781e+00
8.390994903604730437e-01
6.110718630941940344e-01
4.370200669305110974e-01
3.066621544737478944e-01
2.124420101629955204e-01
1.423183143131354078e-01
9.251077083889569508e-02
5.701982299842096175e-02
3.488701665458426165e-02
1.865237548706069962e-02
9.165673423848655008e-03
3.158840019749235232e-03
3.412076049564207879e-04
1.779305387612562395e-03
7.105297944941587219e-04
-4.726794514938715240e-04
