nan
nan
nan
nan
2.128672562277425300e+02
nan
nan
6.080811764987238348e+02
nan
nan
nan
1.376637167306657147e+03
nan
2.000015825053668777e+03
7.479678905465281105e+02
5.984679047313981073e+02
5.242505224125019367e+02
2.457426345589974801e+02
1.761866723910303847e+02
1.475612501009644575e+02
7.554857197293493698e+01
4.063104030968396785e+01
2.712936477714346495e+01
1.388833576481803789e+01
9.332782016006872183e+00
6.978436887393352883e+00
5.456926637185789630e+00
4.324342910937752471e+00
3.457441843714496699e+00
2.745064351248592605e+00
2.039322582268356499e+00
1.510349158826672200e+00
1.159068294179298464e+00
8.488625418965748404e-01
6.226534986992368070e-01
4.533800459480894496e-01
3.248424750615943046e-01
2.382145215566980889e-01
1.575607311994324244e-01
1.094527717563569535e-01
7.346386432899512653e-02
4.720501130992266897e-02
2.650124728560694642e-02
1.413619382070143045e-02
8.003502869199175321e-03
2.933220942569974166e-03
-4.667312758354929430e-05
1.083416643724958344e-03
7.288799553293365653e-04
-6.817800588743011536e-04
