nan
nan
nan
nan
nan
1.395321731685440318e+04
8.559318869616876327e+03
1.167529352802078029e+04
1.199268421435810160e+04
6.070183719291296256e+03
6.949320059895140730e+03
3.095798160681211812e+03
2.407276334641862832e+03
2.005253258451208239e+03
9.433475146687960660e+02
6.954126218694194677e+02
4.446070436632437577e+02
2.774395862916998681e+02
1.670325120057934498e+02
1.076770916443018677e+02
6.436099555011644213e+01
3.728435534271949336e+01
2.186683414395881186e+01
1.336836073577559070e+01
8.884569869165652278e+00
6.588645814429986203e+00
4.810120865827684611e+00
3.918944423577150005e+00
2.959613050941725998e+00
2.222176483558606197e+00
1.672888612683715692e+00
1.246547613392467779e+00
9.365066774868306965e-01
6.970563425032737515e-01
5.130718004020135004e-01
3.745052761782034501e-01
2.659981765586107438e-01
1.883455396898243150e-01
1.292231940838353410e-01
8.615442736623747655e-02
5.609621165069050147e-02
3.556669990173388918e-02
2.124860008074340792e-02
1.212178334208796615e-02
6.632328181927889255e-03
3.004897823244594320e-03
8.942691250955557124e-04
1.197983234549575846e-03
6.350602008352618406e-04
-4.012069834670290401e-04
