nan
nan
nan
nan
nan
1.053947285647732133e+04
2.490861766094697668e+04
4.119684843895680388e+04
3.161529356956876654e+04
9.452890804695118277e+03
1.233533470707022752e+04
1.249603896039253414e+04
6.256505221048186286e+03
4.802116700146027142e+03
3.911247919291109156e+03
3.163709192356162930e+03
2.004687850730097807e+03
1.311417058515646886e+03
1.017222122041512876e+03
5.959436813513044626e+02
3.982973849919820282e+02
2.613858191472695012e+02
1.726986840601063307e+02
1.001825725250933345e+02
5.431910541806553283e+01
2.799036664717726808e+01
1.580287794545284008e+01
9.261539543267753416e+00
6.275649136786880966e+00
4.746439744457229715e+00
3.442823730680545591e+00
2.501456233885514635e+00
1.748897792167833254e+00
1.342596831461206230e+00
1.011370286176671129e+00
7.252096472212438139e-01
5.160665340951698932e-01
3.641710747109521695e-01
2.471308257639294459e-01
1.667504073039147161e-01
1.021860741108894938e-01
6.523251825611178778e-02
3.785124229195122036e-02
2.152358391350605790e-02
9.924071078793252759e-03
5.246798135140361141e-03
3.239117949792872080e-03
4.330234240176165060e-03
1.381839449994376988e-03
-9.636684868990750847e-04
