nan
nan
nan
nan
nan
5.991054269343240776e+03
9.166887403699009155e+03
1.495009195914356496e+04
9.818355259016803757e+03
3.285180486357397513e+03
4.239145738472705489e+03
3.941863061465605369e+03
2.179774555714373037e+03
1.590133926291679927e+03
1.055907169325112818e+03
7.467762844472872530e+02
4.617352601233845348e+02
2.909793690534086750e+02
1.947455228757391126e+02
1.144935446591271813e+02
6.775406856448550741e+01
3.913102824956411752e+01
2.172441918747612633e+01
1.299524941181189419e+01
8.643236225197105327e+00
6.139439611552470311e+00
4.746899905041421341e+00
3.628316103671976212e+00
2.740115774898459922e+00
2.051014086398956771e+00
1.556295064990898647e+00
1.156307753123895443e+00
8.557205749490465196e-01
6.434360367204491338e-01
4.710172281795453886e-01
3.369254043067226312e-01
2.443761288635575846e-01
1.725988631192919009e-01
1.184388798262179243e-01
7.765015050324858281e-02
5.015683567080406885e-02
3.097553752059696922e-02
1.707293089734054220e-02
9.141392239230276134e-03
4.542852740857246212e-03
1.699932509632101412e-03
6.607000382288422515e-04
7.517512083532358613e-04
3.344824740653526071e-04
-4.505165551302600462e-04
