nan
nan
nan
nan
nan
nan
nan
nan
nan
nan
nan
9.816065612203432238e+02
nan
nan
nan
9.189010268513019355e+02
3.456343007929313558e+02
2.630850100201793111e+02
1.211036623395568057e+02
1.102763145884780016e+02
7.646372847050733412e+01
3.162722707049236348e+01
1.991916907995404173e+01
1.369123775139138743e+01
8.827985446828829907e+00
6.510899673468790283e+00
4.597805253880292042e+00
3.882210094340059037e+00
2.880007077808689697e+00
2.401028091422157118e+00
1.742663021404318169e+00
1.387068805893987511e+00
9.578556725163324126e-01
7.245408497104353085e-01
5.529935299645448721e-01
3.789135077494547033e-01
2.734662896267016086e-01
2.010962118024261780e-01
1.428436689802378978e-01
9.617025692016752114e-02
6.302065408777972333e-02
3.969386685031396633e-02
2.440779401904086265e-02
1.464957810169761898e-02
8.364550572043263563e-03
2.303137931427853054e-03
1.029279457851233837e-03
9.506365277907873491e-04
7.468308444327940651e-04
-8.114548650696695167e-04
