nan
nan
nan
nan
nan
1.003096921202274680e+05
3.678085377741673437e+04
6.687296141348498350e+04
5.266231336311941413e+04
3.109594455727051172e+04
3.784309748172217951e+04
1.805566458164094001e+04
1.494131559707554879e+04
1.395586151237947342e+04
7.269265979598762897e+03
6.052479355374626721e+03
4.279344621900689162e+03
3.057353972157617591e+03
1.983443078508145618e+03
1.456980579435366963e+03
1.014578527851531362e+03
6.846974835220338491e+02
4.442896651269936115e+02
2.836364600127948847e+02
1.801939248954338382e+02
1.068341713340381034e+02
5.710253151182733689e+01
3.132659593596902425e+01
1.461110502006999923e+01
9.256928479294687762e+00
6.118980931107409482e+00
4.491483957955217043e+00
3.114309522135917607e+00
2.434262113412929196e+00
1.689660683142217179e+00
1.268172614422635069e+00
8.366917914409179868e-01
6.082597634293102073e-01
4.302655843698721672e-01
2.879564352865283672e-01
1.855040043271238281e-01
1.188589519058881744e-01
7.319489103770168703e-02
4.526261263320885408e-02
2.025454007777239412e-02
9.165673559116301050e-03
4.504194650731831694e-03
6.134063249716685193e-03
5.541520909255827397e-04
1.299218800859504785e-04
