nan
nan
nan
nan
nan
nan
nan
nan
nan
nan
nan
2.943536880212036522e+03
nan
nan
nan
4.254999272739026310e+03
1.630574487685047416e+03
1.422501314456870659e+03
6.445723197547167729e+02
7.040582907750986124e+02
4.965501486844656824e+02
2.200775607911815541e+02
1.540113262344994496e+02
9.539873756730048626e+01
5.615698859758562378e+01
3.128210332088759316e+01
1.478172299372614518e+01
9.232460658773748108e+00
5.758620806978982820e+00
4.471629321411335845e+00
3.426855390781727628e+00
2.698735494584796779e+00
1.963317926024655824e+00
1.390856002516406731e+00
1.004111632609783422e+00
7.082799793201696170e-01
5.086474721936405929e-01
3.721960797353224826e-01
2.700202242958409937e-01
1.790096790483424183e-01
1.169390890755345885e-01
7.037162631182314332e-02
4.711668531968268153e-02
2.609837232845383173e-02
1.318304134463873199e-02
6.282669770126173177e-03
1.033401495519226760e-03
3.749037744220640178e-03
7.970176785909523806e-05
-1.565897637505140379e-03
