nan
nan
nan
nan
nan
nan
nan
nan
nan
nan
nan
7.353743340163934590e+03
nan
nan
nan
1.144952177254098387e+04
2.801295081967213264e+03
2.987614754098360663e+03
1.550721384660421563e+03
1.842527663934426300e+03
1.456043442622950806e+03
5.813987518628912312e+02
4.424933181635321375e+02
2.877661413609159808e+02
1.839558348298425017e+02
1.100732473936063940e+02
5.650441017845374603e+01
3.249366486608044369e+01
1.600487462958833973e+01
8.883949031843245692e+00
5.698621867630991211e+00
4.247642947276838221e+00
3.402758945794042145e+00
2.378727129382351535e+00
1.758005402401087824e+00
1.250873470287035438e+00
8.841992676660102024e-01
6.452585722807308022e-01
4.342723393255503717e-01
3.208683425428526803e-01
2.211823457656884040e-01
1.410908057477749389e-01
7.896652074112073261e-02
5.276951002165151255e-02
2.364101143587961015e-02
6.786659257433469081e-03
2.696614429198405070e-03
7.731408086982916039e-03
2.194069274238127313e-03
-1.473934900318801811e-03
