nan
nan
nan
nan
nan
nan
nan
nan
nan
nan
nan
1.335800873123150723e+03
nan
nan
nan
1.188986804515398489e+03
4.459326708800643360e+02
3.520516457823403016e+02
1.615802135576767569e+02
1.397214295838965654e+02
9.994713641179264130e+01
4.134127568750007242e+01
2.681555464511064102e+01
1.913620342777815608e+01
1.136839752870147002e+01
7.119155455607661054e+00
5.341593624150416275e+00
4.418165385504856602e+00
3.271750793725241913e+00
2.501586557052025928e+00
1.926465413115517888e+00
1.434585546466868866e+00
1.063920825570572548e+00
7.988922562996128018e-01
6.051111871877472570e-01
4.315430350530448655e-01
3.083728559778260436e-01
2.174909659873832390e-01
1.494851854004000946e-01
9.901645746939961856e-02
6.742081555885574840e-02
4.347521894799051545e-02
2.536350762144730722e-02
1.424605911961377390e-02
7.732593378203725561e-03
3.044403888022881571e-03
5.870181701986015464e-04
1.105161983598882802e-03
6.718397617098596048e-04
-7.133208019651768100e-04
