nan
nan
nan
nan
nan
2.935167114093959754e+04
1.328989566809029930e+04
2.045702837095790164e+04
2.334737477120195399e+04
1.252529575960951843e+04
1.435365394641965577e+04
6.791039597315436367e+03
5.085292912344925753e+03
4.340029259622781865e+03
2.309027272341115804e+03
1.607927181437425133e+03
1.120552369970440168e+03
7.143026291228920854e+02
4.555501287603104856e+02
2.997682881753626134e+02
1.946960896830026684e+02
1.167475192117891538e+02
7.009952817859856111e+01
4.067981654917980450e+01
2.236168430812611518e+01
1.263472414253849863e+01
8.080411028374609117e+00
5.766013198704957432e+00
4.386450037115963596e+00
3.299406415790872238e+00
2.445290984338289952e+00
1.841318346363415293e+00
1.355186272163874328e+00
1.003872881139782791e+00
7.369229303368053374e-01
5.272145067470869195e-01
3.756070436095139686e-01
2.701207083196566217e-01
1.856328412559445640e-01
1.268716830585026600e-01
8.268113011585632999e-02
5.061052743371986795e-02
3.147842445677404705e-02
1.884309319365416388e-02
9.073085965124757721e-03
4.668593110020593726e-03
1.753962752855313650e-03
1.753515626659592685e-03
7.744935107563465180e-04
-5.024219172769897905e-04
