nan
nan
nan
nan
nan
nan
nan
nan
nan
nan
nan
2.021183938746438798e+03
nan
nan
nan
2.296282348053181522e+03
8.521347934472934185e+02
6.421274236308959189e+02
3.457260533961922988e+02
3.242920679012345886e+02
2.210914611526590647e+02
1.010977234356864045e+02
6.318523197670691616e+01
4.136445791220096879e+01
2.410631597202909759e+01
1.146599622082881531e+01
7.780624506375657390e+00
6.384646878468423381e+00
4.132179293193075864e+00
3.291236636590285869e+00
2.463083082353216824e+00
1.863928327531065188e+00
1.373982592308101269e+00
1.080266605800845436e+00
7.840512097716418882e-01
5.553935918545885864e-01
3.840955517016798049e-01
2.839752571166526129e-01
1.969446308261603440e-01
1.336358391509593901e-01
8.747679273570191372e-02
5.606217515960844333e-02
3.473002270347096826e-02
1.945772478262162292e-02
1.032867764850473047e-02
4.043365745557823965e-03
2.158350068183886774e-03
9.517698028209539089e-04
5.977928850193799234e-04
-8.956000143492664350e-04
