nan
nan
nan
nan
nan
4.974197379032331810e+04
-4.999998176035218567e-01
4.974197379032331810e+04
1.243511844771762662e+04
6.632329838807054330e+03
2.797982900711386537e+04
1.513838332763245126e+04
7.105751357935296255e+03
1.658039867096110174e+04
8.575819619168436475e+03
5.015648617663337973e+03
4.083852585028709655e+03
3.359256523878974349e+03
1.906510631379734605e+03
1.618611395859874392e+03
8.071035411895226162e+02
7.217891705960876152e+02
4.596926745889012977e+02
2.920723585221322764e+02
1.777492201992700700e+02
1.084407284966801512e+02
4.728904101223869105e+01
2.716778629815119928e+01
1.340728228341547279e+01
7.431648299041891725e+00
4.994462948826769555e+00
4.382619648973375526e+00
3.425625271643928826e+00
2.434788968645271279e+00
1.624167945006613989e+00
1.164685245798384061e+00
9.793087982334152120e-01
5.513243733726137519e-01
3.625576653938243910e-01
2.750554214003182452e-01
1.873392523803622811e-01
1.329583062974183383e-01
8.125694669062194508e-02
4.802249926473291936e-02
2.667668879867244117e-02
1.056369106178206042e-02
4.721034530257676130e-03
8.426130652495651685e-03
2.114810026559662301e-04
-4.016145375377902743e-04
