nan
nan
nan
nan
nan
1.741240249508658599e+04
9.548628486837109449e+03
1.407891218695435782e+04
1.425659526329995788e+04
7.452608017089402892e+03
8.565401227529229800e+03
3.889167336971650002e+03
2.907548509949136587e+03
2.485020400341949426e+03
1.267730293223551143e+03
8.713133146121822392e+02
5.617583898600775001e+02
3.670427040954689915e+02
2.197947018859322554e+02
1.418600910804318573e+02
8.685603048169303975e+01
5.047501671663105327e+01
2.974237156859691922e+01
1.746792006955936571e+01
1.054848793914148430e+01
7.395565111749972331e+00
5.520515166030771859e+00
4.263302686162980137e+00
3.232557174907262354e+00
2.410815849643674458e+00
1.857507425120512146e+00
1.375398986539793755e+00
1.022031396389003755e+00
7.646895230885560890e-01
5.556284065017390583e-01
4.075520259520970523e-01
2.931674291136146526e-01
2.054301130460136071e-01
1.425426069622054981e-01
9.592176412595776469e-02
6.149057039041421618e-02
3.879419351805524913e-02
2.312379852507524466e-02
1.305396941811308616e-02
6.467185095930562400e-03
2.833009517475493493e-03
1.057833917395317475e-03
1.376036568599429662e-03
4.766604505365289895e-04
-6.589527103078758608e-04
