nan
nan
nan
nan
2.902640291152445116e+02
nan
nan
1.418393742664698038e+03
nan
nan
nan
4.049196409439753097e+03
nan
5.842633389954269660e+03
2.642944799252566099e+03
2.285060831380179479e+03
2.070330450656746962e+03
1.046546572727771945e+03
7.264574520054825371e+02
8.018229913138119400e+02
4.134377579892299650e+02
2.346656375364088376e+02
1.463826024481826096e+02
7.710488813648692030e+01
4.556885848664494887e+01
2.608348769646474707e+01
1.515434838167723441e+01
9.221742947352039366e+00
5.808646446167911925e+00
4.507461259269298637e+00
3.515100579834351091e+00
2.655269284599214963e+00
2.028071988130788039e+00
1.442118898656064463e+00
1.109453322235856465e+00
7.621636865247634063e-01
5.714573555657216364e-01
3.834316119264583045e-01
2.681632154857422901e-01
1.832618682563244839e-01
1.163696487226134890e-01
6.919554982116461750e-02
4.370984206835845653e-02
2.350857066484587574e-02
1.166478032555248560e-02
5.067471521998172593e-03
1.544328849267922023e-03
2.526703837164395467e-03
1.421217128714528629e-03
-1.198916809779790055e-03
