9.004371739882881229e+04
5.796689113900211669e+04
8.366017445491651597e+04
6.670132997997601342e+04
6.757998644659115234e+04
4.530340013812819961e+04
3.894372503174953454e+04
2.825159168463062088e+04
1.993027657862155684e+04
1.436394446058228459e+04
1.019275698721857407e+04
6.593427926636464690e+03
4.564316008894091283e+03
2.977377282170285980e+03
1.913154003628863165e+03
1.230001777188546384e+03
7.922722406326209921e+02
4.980050716939047675e+02
3.122295031340869400e+02
1.913672670796214845e+02
1.131354750377512062e+02
6.687742903325383281e+01
3.869630689725180872e+01
2.246393002516242632e+01
1.343000250058714684e+01
8.913800567944669240e+00
6.498679505985634819e+00
5.015180584039953260e+00
3.885205186465541694e+00
3.008375487615753574e+00
2.310220661669073472e+00
1.726354957139693669e+00
1.284567939454274610e+00
9.612530588119054809e-01
7.057813098644168948e-01
5.105324180529136058e-01
3.682609444652047426e-01
2.610207190496497409e-01
1.789354690906416190e-01
1.207311289599544424e-01
7.855024037448109231e-02
4.985348892270578119e-02
2.963974938344949780e-02
1.711397937169901323e-02
9.216305607083920617e-03
3.883682685933533343e-03
1.087462075379296315e-03
1.685979001751327158e-03
7.837838433865071440e-04
-6.231469591805288265e-04
