nan
nan
nan
nan
3.142483636815667296e+02
nan
nan
9.306403051194884029e+02
nan
nan
nan
2.545906054979711826e+03
nan
3.586699005276529988e+03
1.328095218177820470e+03
1.202344526469955781e+03
1.080412096189262456e+03
5.098246244904009359e+02
3.747089131536872060e+02
3.561960835008874255e+02
1.835313548167272018e+02
9.124140068542540405e+01
6.205623560755299906e+01
3.220080763387556289e+01
1.919641167523204217e+01
1.223869857181012399e+01
7.750133166204003388e+00
5.616422385706517417e+00
4.220371013757570289e+00
3.407772772744489753e+00
2.568025070775513452e+00
1.878559914888865201e+00
1.447484521206554575e+00
1.102990416146098385e+00
7.570462726147713095e-01
5.797560919289689307e-01
4.155752841623264748e-01
2.947415107685852909e-01
2.073777632478469579e-01
1.390761363208946888e-01
9.295210152276363325e-02
5.879872198644846282e-02
3.540075897368443608e-02
1.958285954232404438e-02
1.131856813908091626e-02
4.526667872407817705e-03
4.650709726448777701e-04
1.655116611937230368e-03
8.546529474263758665e-04
-9.145997962553939660e-04
