nan
nan
nan
nan
nan
5.187387671232876892e+04
2.518565753424657669e+04
4.172433561643835856e+04
4.031449657534246944e+04
2.492178424657534197e+04
2.644837982565379934e+04
1.319385342465753456e+04
1.040696575342465803e+04
1.039405658129839139e+04
5.938176998439396812e+03
3.879038263466886292e+03
2.789554622210735033e+03
1.825385625820979612e+03
1.275597479589126806e+03
8.873877433309301068e+02
5.905532692002307158e+02
3.825123985431516189e+02
2.498220852094193560e+02
1.548723210350185582e+02
9.236967179972424447e+01
5.102822577127238901e+01
2.760907404448549585e+01
1.461495466794191067e+01
8.426746580871457226e+00
5.866856728372582097e+00
4.439734701763403457e+00
3.119643461814755270e+00
2.396667815419419423e+00
1.689789711559768648e+00
1.274729002544887857e+00
8.996982421416283016e-01
6.615988044654286249e-01
4.572201950322359321e-01
3.092334118595422843e-01
2.174432534674205220e-01
1.411550536746972173e-01
8.668467239992976026e-02
5.200727851755312242e-02
3.146777253299275212e-02
1.542892783849878977e-02
7.217971974727220921e-03
2.853549664624783523e-03
4.086108930648083525e-03
1.433985892282214946e-03
-7.814202777927380409e-04
