nan
nan
nan
nan
nan
nan
nan
nan
nan
nan
nan
2.670598959768531131e+03
nan
nan
nan
3.506747046362634137e+03
1.253831522113529672e+03
9.956361199136584901e+02
5.126735720190528127e+02
4.500231048498208111e+02
3.377904501928905461e+02
1.487087764180799354e+02
9.644461136178061622e+01
6.136894387473919465e+01
3.488753934621621511e+01
1.721077849647478430e+01
1.029991591759430847e+01
7.408591866965654305e+00
4.980350430830295494e+00
4.137093062096342422e+00
2.817840334033916871e+00
2.279116029515455999e+00
1.634241965723449042e+00
1.187770391194507003e+00
8.511686915135001641e-01
6.139263151975357102e-01
4.474268549303055398e-01
3.211918083540794000e-01
2.250746921984888849e-01
1.520529210698789713e-01
1.000684634971291537e-01
6.789896369792317032e-02
4.046251513366286301e-02
2.297592065406226305e-02
1.271629525017264895e-02
5.521285797916753411e-03
2.418899896242884557e-03
1.841822549813653060e-03
1.053785538328781083e-03
-9.339045344910368741e-04
