nan
nan
nan
nan
nan
2.040755334987623064e+04
2.550769168752768383e+04
3.316164919354887388e+04
2.423265710311482326e+04
1.020347667503539378e+04
1.307347948982145863e+04
1.397387892451451080e+04
9.266139021251274244e+03
7.872972743120396444e+03
5.676095296915747895e+03
4.201101320084242616e+03
2.602587417752556576e+03
1.910064827897686655e+03
1.254692819327859297e+03
9.077706850990099383e+02
5.947907675817718882e+02
4.262055040320713601e+02
2.479349529316737630e+02
1.569480314536420735e+02
8.900292302737716454e+01
4.551288178141686558e+01
2.619201585476666594e+01
1.413808997938355638e+01
8.046441507569095819e+00
5.823776940080198194e+00
4.290831190994127908e+00
2.969102284623374555e+00
2.221127120570278723e+00
1.628913063014051588e+00
1.170416848445311242e+00
8.253182339351717856e-01
5.724208619089751204e-01
4.036487123046196279e-01
2.747053921516981467e-01
1.971018417102653464e-01
1.303948118189541538e-01
8.122185455461385095e-02
4.732118449899303664e-02
2.598319847978003763e-02
1.105849815070180688e-02
7.310437623075476989e-03
2.963532177524086744e-04
1.865300779055816894e-03
8.819443447231737577e-06
-8.656641815615913208e-04
