nan
nan
nan
nan
4.996005585092245838e+02
nan
nan
1.131161265954242481e+03
nan
nan
nan
3.539563967241825139e+03
nan
4.603245158728171191e+03
1.978782215419924114e+03
1.742206949676573458e+03
1.478381659102296453e+03
6.993391147930741454e+02
5.273072583545487078e+02
5.192742185529752987e+02
2.672211332444496179e+02
1.465747295820019076e+02
9.879393583826318093e+01
5.304263548468110656e+01
3.156231886743292847e+01
1.716994019738324440e+01
1.028036660819967985e+01
7.396427493588312529e+00
4.812028573930081876e+00
3.857604095130988231e+00
2.939830416496080900e+00
2.251322002351788587e+00
1.695478333947052274e+00
1.220023005646479364e+00
9.230242292527627290e-01
6.613074708532683532e-01
4.634862057793403545e-01
3.453363013994814601e-01
2.362409331709314497e-01
1.597781633308081872e-01
1.017087608116065411e-01
6.505597191253090217e-02
4.081911897322082483e-02
1.953766612282987689e-02
1.083678879757607807e-02
3.576504431424101620e-03
1.026016873490674794e-03
1.997137054431393378e-03
8.660313114868279380e-04
-1.237685519677430082e-03
