6.206004580847454781e+04
3.764760297213794547e+04
5.887286563268399186e+04
4.725516926095533563e+04
4.561941041969929211e+04
3.037452910689216878e+04
2.602565019225851574e+04
1.880839596536635509e+04
1.270629022234509466e+04
9.214482612855907064e+03
6.133587516685360242e+03
3.949795961923854065e+03
2.691673487820921764e+03
1.672598440649572922e+03
1.045748006625412017e+03
6.621704436784553991e+02
4.144066960133924908e+02
2.537986330687621717e+02
1.550840959593422497e+02
9.170203063483440076e+01
5.345058014664370205e+01
3.093969589303360834e+01
1.864923075368573180e+01
1.182569516635558315e+01
8.427634209766971196e+00
6.442772886659779097e+00
5.076715163885371140e+00
4.055374913526999414e+00
3.157107332807188804e+00
2.445014421721736220e+00
1.874302052940843621e+00
1.416406350070297471e+00
1.062920067031121629e+00
7.847067067008994812e-01
5.819901887401029983e-01
4.234371667967076203e-01
3.071195839031602981e-01
2.171137352856075675e-01
1.514084951812504076e-01
1.014912596315571541e-01
6.604352299463232823e-02
4.092949945099074588e-02
2.474560340838895603e-02
1.407568051937422259e-02
7.457145565275407305e-03
3.300854328779319509e-03
1.255098594056928713e-03
1.570283462901343784e-03
7.641668205731389938e-04
-4.003673252417072072e-04
