2.925053306971498387e+04
2.968568364050693344e+04
2.643480400368585833e+04
3.596364680231619423e+04
2.423419278140475944e+04
2.680860946765467452e+04
2.764590524710564205e+04
1.787468934433446339e+04
1.389333347073347250e+04
1.119406775904876486e+04
8.134801849217715244e+03
5.567419923010855200e+03
3.810653439688228445e+03
2.606716605930163041e+03
1.764567282217605225e+03
1.166748738568980343e+03
7.718636380153549226e+02
5.079655707436759826e+02
3.296422853467079221e+02
2.088889438448541398e+02
1.304985862216921930e+02
7.817316517679344656e+01
4.532371857721763320e+01
2.582643325383715194e+01
1.480957970541214586e+01
9.207022235614580552e+00
6.493319923944501859e+00
4.852127490801274590e+00
3.684339857894467496e+00
2.781799013230870976e+00
2.094388513856443979e+00
1.574715799221761081e+00
1.165350271167348906e+00
8.595193284161435354e-01
6.333611766918382235e-01
4.608899675896790393e-01
3.275200345388514234e-01
2.322245377950804546e-01
1.611147154307083773e-01
1.081730782511536870e-01
7.038566733663989550e-02
4.448168144307988042e-02
2.645326172543757681e-02
1.553614025716649853e-02
8.300231663106269475e-03
3.851928077695923602e-03
1.328729142562718856e-03
1.305414583298783807e-03
5.403889677140575861e-04
-6.439502077852704478e-04
