2.368003526289475076e+02
2.061930700689523519e+02
1.896617927248851174e+02
1.815302102171040133e+02
1.612881954500610391e+02
1.627050283230690866e+02
1.662254813042341084e+02
1.569131455341588435e+02
1.616723466118264696e+02
1.616106110358959427e+02
1.599717586867128603e+02
1.560896738691076280e+02
1.509074046914735732e+02
1.447838410152901076e+02
1.327344033393845564e+02
1.198862153308830329e+02
1.074332957009504241e+02
9.472210150362339220e+01
8.313807305229032352e+01
7.190253573253538377e+01
6.213727754101267209e+01
5.301490526203815534e+01
4.471131810150093600e+01
3.716516309253795214e+01
3.026165426999207853e+01
2.421272685459340579e+01
1.886790509033174601e+01
1.433382761616650214e+01
1.061929119713050440e+01
7.857749212704680630e+00
5.888615499462158454e+00
4.503310694281163151e+00
3.506610673147982027e+00
2.782971791226175995e+00
2.251382132721202467e+00
1.856384405669370574e+00
1.556954976720635875e+00
1.311713883760688315e+00
1.109759529684028578e+00
9.415116474727303064e-01
8.063860785210856807e-01
6.793317202949844535e-01
5.696447057986843143e-01
4.716699936961061823e-01
3.692417197779557791e-01
2.763981881292737475e-01
2.050361132035175560e-01
1.388736004508051014e-01
1.138335342253258692e-01
7.648303429437011691e-02
