5.451620488419034700e+02
4.830417569384007948e+02
4.466080360987587028e+02
4.202205109998590160e+02
4.013717594861898306e+02
3.824788160415025686e+02
3.715468890101894885e+02
3.700884189927978696e+02
3.687087328377806443e+02
3.742082993780543347e+02
3.723870134705532564e+02
3.531120292165782075e+02
3.398321060252624193e+02
3.196878398495748570e+02
2.921111528637944730e+02
2.656889845836299742e+02
2.378370771785062630e+02
2.113836216524710778e+02
1.847647693088701715e+02
1.598216816404724341e+02
1.372703356205215073e+02
1.162648846267959613e+02
9.828371306287425568e+01
8.162469655693831783e+01
6.709932146021751009e+01
5.428769137657926080e+01
4.323495491159894755e+01
3.369638371122556464e+01
2.572825218169816708e+01
1.921280993056398501e+01
1.415075810695587144e+01
1.044609522130986079e+01
7.793786582522272077e+00
5.898344897449129043e+00
4.570734620899555622e+00
3.606301965263454701e+00
2.886692102929351300e+00
2.337899496237997532e+00
1.936545318775865443e+00
1.609525037551908566e+00
1.353983319238444949e+00
1.127451680161809300e+00
9.309788949128878777e-01
7.719617050592196827e-01
6.141731968688505239e-01
4.725062028613805087e-01
3.468877225671003206e-01
2.458155768960259557e-01
1.971979713315485661e-01
1.352714300118261215e-01
