4.244415771538285753e+02
3.771384247306468751e+02
3.483848738689650872e+02
3.239259745713852681e+02
3.077793355815833820e+02
2.960058584926405274e+02
2.871561005496718053e+02
2.784466692760629485e+02
2.719102312653016043e+02
2.724540745246869164e+02
2.641140027682066034e+02
2.482243833395712045e+02
2.306961732108637193e+02
2.093343393358061917e+02
1.851590770533531156e+02
1.642008115356697147e+02
1.429492997598439672e+02
1.225485057972195335e+02
1.041947104439393428e+02
8.731715958722114124e+01
7.291807479712417717e+01
6.001513428560425467e+01
4.891786530844969150e+01
3.935091620584948657e+01
3.119614467825148552e+01
2.432931715150715490e+01
1.865089172307660093e+01
1.400779583296971254e+01
1.036100447013719972e+01
7.650020087861888030e+00
5.720323144213024236e+00
4.370019520082242259e+00
3.420484715838330469e+00
2.720679378378958901e+00
2.222864023525766619e+00
1.834675596782387785e+00
1.531260189544136896e+00
1.295496963987033068e+00
1.102024677071640424e+00
9.450934494923173279e-01
8.224262193382411157e-01
6.924775991346132642e-01
5.805694051992396076e-01
4.768392341137972501e-01
3.836766779024113339e-01
3.040272078520674937e-01
2.272513499956940186e-01
1.580419080256139919e-01
1.301054448483026371e-01
9.123349798129849753e-02
