2.659250571088141442e+02
2.314165012776368258e+02
2.045919308493491826e+02
1.795194298710231351e+02
1.703548062054439924e+02
1.635002623844943628e+02
1.581618168892550216e+02
1.563072466477560738e+02
1.526445092441418296e+02
1.504189627796195623e+02
1.412642677995691542e+02
1.340530847087633219e+02
1.234215170632717786e+02
1.126462579270542506e+02
9.931477996079296133e+01
8.672992766234250439e+01
7.473532486109749584e+01
6.366927250703822949e+01
5.381149882038222643e+01
4.498535769324426070e+01
3.725503324964223850e+01
3.051130445963411830e+01
2.466609535498358952e+01
1.964426048998106111e+01
1.537529632324491935e+01
1.180877023270180004e+01
8.903815504884370569e+00
6.635957801026846958e+00
4.969120172551381387e+00
3.779268198140855350e+00
2.938818766296610097e+00
2.340165193140286704e+00
1.902200864602045627e+00
1.585434846009158960e+00
1.339825480838933602e+00
1.149919750067197155e+00
9.905517913892956106e-01
8.605252106849556881e-01
7.515467318739318392e-01
6.532030377037997271e-01
5.617519349210449153e-01
4.819371341606492054e-01
4.058285581473144443e-01
3.359544032966397253e-01
2.724949126803745125e-01
2.154393035231697284e-01
1.567815019164158497e-01
1.086409140969374909e-01
8.600718895657204210e-02
6.037698975198847740e-02
