2.123074524958449274e+02
1.847059584869238051e+02
1.658671946623828717e+02
1.543003785499736296e+02
1.412437429449365709e+02
1.463428427115884460e+02
1.461399407951020066e+02
1.374370990564059412e+02
1.426243783012897666e+02
1.388574791050194221e+02
1.369507412084722091e+02
1.302615336246876154e+02
1.250209781894135119e+02
1.174159417172862163e+02
1.074558720784700370e+02
9.603816098672045598e+01
8.497371644897999943e+01
7.412085286818140162e+01
6.392030604325596954e+01
5.482007608890667427e+01
4.652006343401014021e+01
3.920537020464742284e+01
3.248887143815761647e+01
2.654759364466293547e+01
2.126921059846241491e+01
1.670173771331887380e+01
1.278222917303201811e+01
9.579400293240190933e+00
7.087509240285776890e+00
5.312308778423018296e+00
4.043461587773037991e+00
3.154171380621210385e+00
2.512966262853693067e+00
2.042642058120522464e+00
1.690307084604745214e+00
1.413837117636113305e+00
1.192588092930925159e+00
1.022107901537243846e+00
8.807266207248569678e-01
7.590538929462650186e-01
6.519936132291452857e-01
5.508627651012274473e-01
4.535984119573219231e-01
3.809222788409433180e-01
3.064868802745162046e-01
2.418212147266628476e-01
1.765876851982702833e-01
1.179064195226846717e-01
9.562462835698799790e-02
6.213846868397867457e-02
