1.768754304711906684e+02
1.488216871550275187e+02
1.290878002045863013e+02
1.154148189694895450e+02
1.027005780252013665e+02
9.838681991868315890e+01
9.425760211863612881e+01
8.813067720661982207e+01
8.801638349007797046e+01
8.464707590759959999e+01
7.971599852678548359e+01
7.361863478070620204e+01
6.863941728310504686e+01
6.164456806781342380e+01
5.398207798184404993e+01
4.664333142488842299e+01
3.965590537220553813e+01
3.345011925177642809e+01
2.783348607875419845e+01
2.297168226661169399e+01
1.878976948460902463e+01
1.516865010455603091e+01
1.206263580324532469e+01
9.391977427989344207e+00
7.196929140624052756e+00
5.438418261063480585e+00
4.095649513563912159e+00
3.121336489597451358e+00
2.425890253984227307e+00
1.933124248936766154e+00
1.575590219378756984e+00
1.312468021406750784e+00
1.114754853957888203e+00
9.595645969268580266e-01
8.384284042339533727e-01
7.381475028561137464e-01
6.525271248467527929e-01
5.769958743487576536e-01
5.108793060494596361e-01
4.496488658477905132e-01
3.923410612472995052e-01
3.364953543041856454e-01
2.840825951375195446e-01
2.336431240081033311e-01
1.899830452570216155e-01
1.496084555503844893e-01
1.108037618895737209e-01
7.724288688782067480e-02
6.266457526100936704e-02
4.523434113934927253e-02
