2.778742584717203954e+02
2.452538110358307222e+02
2.194945318685674920e+02
1.944041879419759198e+02
1.874129188595297819e+02
1.822699259431376504e+02
1.796383318487946781e+02
1.796926859825048268e+02
1.752352222639303250e+02
1.756171849503566591e+02
1.671192329519468558e+02
1.594375382790671551e+02
1.508418146822046424e+02
1.379703907588801428e+02
1.238073852254234737e+02
1.086981841190632707e+02
9.520373361633635056e+01
8.194142718621998256e+01
6.995771363515947883e+01
5.907521236392292252e+01
4.965271526585651429e+01
4.108472705366027355e+01
3.364216475259942030e+01
2.718430980895469773e+01
2.156568273946606595e+01
1.683891857880257703e+01
1.283311949041008049e+01
9.605661325673692019e+00
7.119095796504143259e+00
5.333323852792346109e+00
4.062501096962597202e+00
3.169443811130437716e+00
2.516956303164788800e+00
2.049829364712228319e+00
1.695804259465939934e+00
1.426186389409060729e+00
1.218538910173701639e+00
1.043024220553190329e+00
8.948403677336572715e-01
7.710292672853270579e-01
6.661885180400648476e-01
5.623347671152258975e-01
4.710149879855091704e-01
3.897542310780330865e-01
3.122006556994169069e-01
2.453336830402767510e-01
1.843563444550014585e-01
1.284173561600016333e-01
1.070456886076057573e-01
7.686396342244194990e-02
