3.333260706835496876e+02
2.850613946260961029e+02
2.505518262069829234e+02
2.218130153283973982e+02
2.003190745728458637e+02
1.827414244974862072e+02
1.679496850897154445e+02
1.557097270207792121e+02
1.448688626732425178e+02
1.357794064532689333e+02
1.243487860558676061e+02
1.105076856664366431e+02
9.669569124883246047e+01
8.343125114343467885e+01
7.029857938954869212e+01
5.879542272330773045e+01
4.844619755355407165e+01
3.951073085576857835e+01
3.190637340675338152e+01
2.553791766604890157e+01
2.021597882610350894e+01
1.578813966461767215e+01
1.215845439910103210e+01
9.253181762312104652e+00
6.959572239372330493e+00
5.203355691594799382e+00
3.902545755151526574e+00
2.980264093301462580e+00
2.332885339918779000e+00
1.879344295495526396e+00
1.557551450583035901e+00
1.322724613691932838e+00
1.144654194572513939e+00
1.001343437791333502e+00
8.868496978352204962e-01
7.908176552675032500e-01
7.050363432071052872e-01
6.295927878248985810e-01
5.600966716622782782e-01
4.973495774030318173e-01
4.343322852860070360e-01
3.739416585945196658e-01
3.194352078013526497e-01
2.657066976596017538e-01
2.167330898544408968e-01
1.700319228625757906e-01
1.258054254418447260e-01
8.740459283855157857e-02
6.927934791447627749e-02
4.842674223696168123e-02
