2.445641724258312024e+02
2.019816852239692935e+02
1.705861188056970832e+02
1.402333507038887319e+02
1.230742014687978099e+02
1.254773158233363120e+02
1.299472385455402446e+02
1.292755763154094666e+02
1.249765373365517007e+02
1.124921116588219547e+02
1.115035622984788688e+02
1.149011528578195112e+02
1.146787754695049557e+02
1.106756682233034610e+02
1.034821777356655730e+02
9.612446764224441154e+01
8.814101423260930801e+01
7.963438765578690948e+01
7.173338159780496426e+01
6.391169659929886393e+01
5.564552418751436136e+01
4.835613243576425191e+01
4.139965967434753225e+01
3.507954826280808902e+01
2.893053042539646924e+01
2.321179761708792100e+01
1.797646254611078831e+01
1.355323931558528372e+01
9.974670547014865107e+00
7.427843684307187111e+00
5.618029721433799750e+00
4.284069290079068892e+00
3.323631217736670251e+00
2.628619193994251813e+00
2.146522558430481453e+00
1.761541142978989560e+00
1.470220243915214553e+00
1.237864413526092999e+00
1.048467499590839402e+00
8.849524846568878056e-01
7.626352524287007828e-01
6.503484708612212728e-01
5.301347602750310362e-01
4.246415548302235887e-01
3.388863174031840897e-01
2.580447561850670590e-01
1.873421104962691430e-01
1.209959931253211940e-01
1.054678368166090258e-01
7.770272359741517421e-02
