3.402942728878510934e+02
2.929262719808180009e+02
2.593273738187203890e+02
2.340892529146758534e+02
2.284490854104813025e+02
2.245353587936126587e+02
2.160749346695369013e+02
2.146863051345560507e+02
2.237045317857956661e+02
2.325295045903229720e+02
2.259429849896604310e+02
2.182915193424682911e+02
2.119609756317702818e+02
1.963576680335988272e+02
1.840398497115994019e+02
1.649440832836149582e+02
1.482285127229595503e+02
1.308577800154960471e+02
1.138639943072237770e+02
9.868424496790781575e+01
8.457600881042063179e+01
7.218486027082849432e+01
6.056160923422793729e+01
5.032174808392132093e+01
4.111634965562596022e+01
3.296930926791474548e+01
2.591907586580882494e+01
1.990158207003891278e+01
1.489918653108246893e+01
1.099981261447567249e+01
8.157141747493813710e+00
6.141000353923092625e+00
4.681207727471427660e+00
3.651832799324228329e+00
2.897951091980931704e+00
2.380157137557870062e+00
1.957531054785783819e+00
1.624293164882613993e+00
1.361557295261041078e+00
1.157500535844709688e+00
9.927678725344182276e-01
8.551613886357767313e-01
7.089019533363065673e-01
5.840129670985987342e-01
4.615570193558811707e-01
3.463404723306667266e-01
2.549212370521375948e-01
1.824876525019616391e-01
1.499777784628973931e-01
1.069108858455024014e-01
