3.801048083731870975e+02
3.496995036037053524e+02
3.160314861001052122e+02
2.723884774039486274e+02
2.766915957845101275e+02
2.696768419608165459e+02
2.589426192263897519e+02
2.651185070879412251e+02
2.687690277241258627e+02
2.861389487389342321e+02
2.746576758761947303e+02
2.688952934468595686e+02
2.622732713371819955e+02
2.481129480220301389e+02
2.318626928173363240e+02
2.119943332810635184e+02
1.915426799948529037e+02
1.724505332758587599e+02
1.533444966697535676e+02
1.347731359912400819e+02
1.172197265358527147e+02
1.014384821325339772e+02
8.688631111581157995e+01
7.367201974980451951e+01
6.135953554548481748e+01
5.032324993618175313e+01
4.053187682683332582e+01
3.185392308479460866e+01
2.445895616493006131e+01
1.825402854207976588e+01
1.342264651410771137e+01
9.901407969395947362e+00
7.385195177758014040e+00
5.635766032163107120e+00
4.371954318414640994e+00
3.468485414950465806e+00
2.781514235087584996e+00
2.263261674447754501e+00
1.867934507682642575e+00
1.551301292307926571e+00
1.306647041066077097e+00
1.086993641041102077e+00
8.920941007519062049e-01
7.333274379516548924e-01
5.911999267462764163e-01
4.605170866776863159e-01
3.378435410075608103e-01
2.296660306379232908e-01
1.840325939193887816e-01
1.322141468410489851e-01
