4.044902278262891286e+02
3.159454265096144354e+02
2.452237603829867112e+02
1.944244696159163368e+02
1.718067027148719035e+02
1.871929648482904440e+02
1.727368078433025858e+02
1.636170491456393847e+02
1.824184354632377563e+02
1.581743884418269772e+02
1.736733933936006906e+02
1.567295900111778337e+02
1.772763839908548675e+02
1.564780744449093959e+02
1.570603128443757441e+02
1.448200727090798523e+02
1.304715625814114617e+02
1.223065883909338538e+02
1.081879623393361101e+02
9.862590718771269849e+01
9.040827930109246324e+01
7.822622722376428328e+01
6.878407982078282146e+01
5.953960778058611680e+01
5.096318341440832000e+01
4.293904524943005185e+01
3.503753010384964739e+01
2.747748917222227760e+01
2.081497191474369046e+01
1.516449261088544631e+01
1.115712243179578778e+01
8.293154598168424485e+00
6.274420798546350930e+00
4.813784603477468949e+00
3.805907543142756033e+00
3.051891876395484093e+00
2.455584260192528845e+00
2.091461508245381573e+00
1.742124333138080461e+00
1.399728928706494013e+00
1.148466044189177415e+00
9.776814814043449653e-01
7.918657220329351487e-01
6.459416921121272637e-01
4.938482243056293575e-01
3.817354830906105612e-01
3.054933307100815010e-01
2.212156240380188932e-01
1.834273455332495473e-01
1.310291566442684796e-01
