2.300703757259857412e+02
2.153972751905838550e+02
2.099187952132668897e+02
1.880959235876803177e+02
1.581135181507623884e+02
1.543757867335236824e+02
1.495006096288236677e+02
1.361385788961285925e+02
1.410687210994636871e+02
1.331793473683850380e+02
1.289809906094362759e+02
1.382689287418298250e+02
1.359879087906172117e+02
1.252645401946733728e+02
1.218032576522610384e+02
1.140029725336166564e+02
1.044109044076289763e+02
9.641556426034421179e+01
8.627835588431847214e+01
7.650979003785124632e+01
6.671172175927411274e+01
5.967909499695877429e+01
5.225477907213670647e+01
4.453171999860040842e+01
3.693218664475821811e+01
3.025948154702612314e+01
2.399382180616201765e+01
1.845400001966000048e+01
1.358899961403504975e+01
1.001214438195390066e+01
7.410365314780409385e+00
5.562630347121044316e+00
4.316122136135015275e+00
3.348239266108193668e+00
2.704165619926546249e+00
2.182719026747235613e+00
1.795127507137803002e+00
1.499374401835875670e+00
1.251673169704718980e+00
1.053679905171657882e+00
8.696376900791862319e-01
7.212598745748400875e-01
6.200807977858573405e-01
5.097119387319541950e-01
4.087480234170167148e-01
3.173162189679772927e-01
2.106603436583672773e-01
1.443638152430074817e-01
1.300587016905729587e-01
6.827088168820963365e-02
