2.297561047790885596e+02
1.969005682202792968e+02
1.710479232683858299e+02
1.475985156433704333e+02
1.371283372786314203e+02
1.278408314468165941e+02
1.205047392815803278e+02
1.163257208029167202e+02
1.097273797274620790e+02
1.053932418525568266e+02
9.603382803708643678e+01
8.865710641914452594e+01
7.992291959351405239e+01
7.058976681504823603e+01
6.070565822010106416e+01
5.170385996468859702e+01
4.334285766085896796e+01
3.597172459385068066e+01
2.961454851612536743e+01
2.410195022717070401e+01
1.942798908688406101e+01
1.547391568401434192e+01
1.213883919894822050e+01
9.384612977638001396e+00
7.147366592503899163e+00
5.383931519904841423e+00
4.047845167793369114e+00
3.081908809167708707e+00
2.403457514900493308e+00
1.922471824260324258e+00
1.576739324580005874e+00
1.323334145280587570e+00
1.130779530263855692e+00
9.815978079047649185e-01
8.616656581337354126e-01
7.614965539791553883e-01
6.757219796107500898e-01
6.018798851568023522e-01
5.346899411884721287e-01
4.717634104583202093e-01
4.124864960418936910e-01
3.559614305036667981e-01
3.022032687962496467e-01
2.492735208130936464e-01
2.013800955503141643e-01
1.581752526394465952e-01
1.177398732274138604e-01
8.192369321052732356e-02
6.537414961619711362e-02
4.669356221886305364e-02
