1.000000000000000021e-02 1.100933058000000062e-02 0.000000000000000000e+00 3.080207227049124413e+04 5.200000000000000000e+01 0.000000000000000000e+00
1.100933058000000062e-02 1.212053598190000053e-02 0.000000000000000000e+00 3.640071170481468289e+04 8.200000000000000000e+01 0.000000000000000000e+00
1.212053598190000053e-02 1.334389874319999968e-02 0.000000000000000000e+00 4.191653742182737915e+04 1.260000000000000000e+02 0.000000000000000000e+00
1.334389874319999968e-02 1.469073924900000071e-02 0.000000000000000000e+00 3.739573930809140438e+04 1.500000000000000000e+02 0.000000000000000000e+00
1.469073924900000071e-02 1.617352048560000144e-02 0.000000000000000000e+00 3.250840256287508237e+04 1.740000000000000000e+02 0.000000000000000000e+00
1.617352048560000144e-02 1.780596336680000114e-02 0.000000000000000000e+00 3.416285175207991415e+04 2.440000000000000000e+02 0.000000000000000000e+00
1.780596336680000114e-02 1.960317370000000045e-02 0.000000000000000000e+00 2.979874889828471714e+04 2.840000000000000000e+02 0.000000000000000000e+00
1.960317370000000045e-02 2.158178196810000074e-02 0.000000000000000000e+00 2.626282606466471407e+04 3.340000000000000000e+02 0.000000000000000000e+00
2.158178196810000074e-02 2.376009721919999929e-02 0.000000000000000000e+00 2.675274860517186971e+04 4.540000000000000000e+02 0.000000000000000000e+00
2.376009721919999929e-02 2.615827648980000031e-02 0.000000000000000000e+00 2.455292035629906241e+04 5.560000000000000000e+02 0.000000000000000000e+00
2.615827648980000031e-02 2.879851132790000115e-02 0.000000000000000000e+00 2.356269035238861034e+04 7.120000000000000000e+02 0.000000000000000000e+00
2.879851132790000115e-02 3.170523314209999777e-02 0.000000000000000000e+00 2.088198935839208571e+04 8.420000000000000000e+02 0.000000000000000000e+00
3.170523314209999777e-02 3.490533927759999905e-02 0.000000000000000000e+00 1.988656516089379875e+04 1.070000000000000000e+03 0.000000000000000000e+00
3.490533927759999905e-02 3.842844191139999782e-02 0.000000000000000000e+00 1.933223661721336975e+04 1.388000000000000000e+03 0.000000000000000000e+00
3.842844191139999782e-02 4.230714206769999736e-02 0.000000000000000000e+00 1.807824333144503180e+04 1.732000000000000000e+03 0.000000000000000000e+00
4.230714206769999736e-02 4.657733129169999708e-02 0.000000000000000000e+00 1.473672753005575032e+04 1.884000000000000000e+03 0.000000000000000000e+00
4.657733129169999708e-02 5.127852377239999759e-02 0.000000000000000000e+00 1.408020722797731287e+04 2.402000000000000000e+03 0.000000000000000000e+00
5.127852377239999759e-02 5.645422198640000222e-02 0.000000000000000000e+00 1.221218526203823239e+04 2.780000000000000000e+03 0.000000000000000000e+00
5.645422198640000222e-02 6.215231924839999950e-02 0.000000000000000000e+00 1.148259552926169636e+04 3.488000000000000000e+03 0.000000000000000000e+00
6.215231924839999950e-02 6.842554289190000416e-02 0.000000000000000000e+00 9.976685723149572368e+03 4.044000000000000000e+03 0.000000000000000000e+00
6.842554289190000416e-02 7.533194218109999507e-02 0.000000000000000000e+00 9.414086853884033189e+03 5.092000000000000000e+03 0.000000000000000000e+00
7.533194218109999507e-02 8.293542547049999325e-02 0.000000000000000000e+00 8.296265548690409560e+03 5.988000000000000000e+03 0.000000000000000000e+00
8.293542547049999325e-02 9.130635157960000081e-02 0.000000000000000000e+00 7.610573314275731718e+03 7.330000000000000000e+03 0.000000000000000000e+00
9.130635157960000081e-02 1.005221808589999988e-01 0.000000000000000000e+00 7.064998988910459957e+03 9.080000000000000000e+03 0.000000000000000000e+00
1.005221808589999988e-01 1.106681919699999961e-01 0.000000000000000000e+00 6.571474362144554107e+03 1.127000000000000000e+04 0.000000000000000000e+00
1.106681919699999961e-01 1.218382710089999932e-01 0.000000000000000000e+00 5.870209681427016221e+03 1.343400000000000000e+04 0.000000000000000000e+00
1.218382710089999932e-01 1.341357802829999946e-01 0.000000000000000000e+00 5.401135824459128344e+03 1.649400000000000000e+04 0.000000000000000000e+00
1.341357802829999946e-01 1.476745147740000097e-01 0.000000000000000000e+00 5.112631530576006298e+03 2.083400000000000000e+04 0.000000000000000000e+00
1.476745147740000097e-01 1.625797551379999928e-01 0.000000000000000000e+00 4.600052397346761609e+03 2.501400000000000000e+04 0.000000000000000000e+00
1.625797551379999928e-01 1.789894269929999948e-01 0.000000000000000000e+00 4.015805871799953820e+03 2.914000000000000000e+04 0.000000000000000000e+00
1.789894269929999948e-01 1.970553772089999878e-01 0.000000000000000000e+00 3.621386498765284159e+03 3.506600000000000000e+04 0.000000000000000000e+00
1.970553772089999878e-01 2.169447790260000120e-01 0.000000000000000000e+00 3.088018323969330140e+03 3.990200000000000000e+04 0.000000000000000000e+00
2.169447790260000120e-01 2.388416789900000003e-01 0.000000000000000000e+00 2.569197017140273601e+03 4.430200000000000000e+04 0.000000000000000000e+00
2.388416789900000003e-01 2.629487000280000264e-01 0.000000000000000000e+00 2.140419981555063714e+03 4.925400000000000000e+04 0.000000000000000000e+00
2.629487000280000264e-01 2.894889164180000085e-01 0.000000000000000000e+00 1.712682349558797114e+03 5.259600000000000000e+04 0.000000000000000000e+00
2.894889164180000085e-01 3.187079180090000019e-01 0.000000000000000000e+00 1.344189311808256662e+03 5.509200000000000000e+04 0.000000000000000000e+00
3.187079180090000019e-01 3.508760827819999983e-01 0.000000000000000000e+00 1.043653285285480933e+03 5.709000000000000000e+04 0.000000000000000000e+00
3.508760827819999983e-01 3.862910787959999981e-01 0.000000000000000000e+00 7.938821163248226185e+02 5.796600000000000000e+04 0.000000000000000000e+00
3.862910787959999981e-01 4.252806186559999757e-01 0.000000000000000000e+00 6.121802199915809979e+02 5.966800000000000000e+04 0.000000000000000000e+00
4.252806186559999757e-01 4.682054920050000013e-01 0.000000000000000000e+00 4.624486997601653115e+02 6.017800000000000000e+04 0.000000000000000000e+00
4.682054920050000013e-01 5.154629040839999732e-01 0.000000000000000000e+00 3.537795050415483615e+02 6.147200000000000000e+04 0.000000000000000000e+00
5.154629040839999732e-01 5.674901512779999546e-01 0.000000000000000000e+00 2.688098104825396035e+02 6.238200000000000000e+04 0.000000000000000000e+00
5.674901512779999546e-01 6.247686676310000298e-01 0.000000000000000000e+00 2.046523334491920991e+02 6.344800000000000000e+04 0.000000000000000000e+00
6.247686676310000298e-01 6.878284797970000142e-01 0.000000000000000000e+00 1.548806029301024125e+02 6.417400000000000000e+04 0.000000000000000000e+00
6.878284797970000142e-01 7.572531116409999541e-01 0.000000000000000000e+00 1.192910754974451635e+02 6.608200000000000000e+04 0.000000000000000000e+00
7.572531116409999541e-01 8.336849838780000521e-01 0.000000000000000000e+00 9.050012723671859760e+01 6.707400000000000000e+04 0.000000000000000000e+00
8.336849838780000521e-01 9.178313587080000335e-01 0.000000000000000000e+00 7.073380232466202244e+01 7.016800000000000000e+04 0.000000000000000000e+00
9.178313587080000335e-01 1.010470884470000108e+00 0.000000000000000000e+00 5.470985099503278093e+01 7.271600000000000000e+04 0.000000000000000000e+00
1.010470884470000108e+00 1.112460800860000099e+00 0.000000000000000000e+00 4.236838614811695436e+01 7.553600000000000000e+04 0.000000000000000000e+00
1.112460800860000099e+00 1.224744871389999989e+00 0.000000000000000000e+00 3.304002601728502242e+01 7.911400000000000000e+04 0.000000000000000000e+00
1.224744871389999989e+00 1.348362116529999932e+00 0.000000000000000000e+00 2.575314803518699236e+01 8.297000000000000000e+04 0.000000000000000000e+00
1.348362116529999932e+00 1.484456428239999903e+00 0.000000000000000000e+00 2.045677599859418905e+01 8.879600000000000000e+04 0.000000000000000000e+00
1.484456428239999903e+00 1.634287155009999992e+00 0.000000000000000000e+00 1.629529913207403524e+01 9.550800000000000000e+04 0.000000000000000000e+00
1.634287155009999992e+00 1.799240755210000042e+00 0.000000000000000000e+00 1.335872524898647384e+01 1.058060000000000000e+05 0.000000000000000000e+00
1.799240755210000042e+00 1.980843626710000027e+00 0.000000000000000000e+00 1.106513054418140740e+01 1.186340000000000000e+05 0.000000000000000000e+00
1.980843626710000027e+00 2.180776231369999874e+00 0.000000000000000000e+00 9.188870507811186528e+00 1.336860000000000000e+05 0.000000000000000000e+00
2.180776231369999874e+00 2.400888645209999783e+00 0.000000000000000000e+00 7.662889794426380519e+00 1.516720000000000000e+05 0.000000000000000000e+00
2.400888645209999783e+00 2.643217678090000078e+00 0.000000000000000000e+00 6.545748324253718664e+00 1.762900000000000000e+05 0.000000000000000000e+00
2.643217678090000078e+00 2.910005721290000125e+00 0.000000000000000000e+00 5.589101059132538296e+00 2.054160000000000000e+05 0.000000000000000000e+00
2.910005721290000125e+00 3.203721497540000129e+00 0.000000000000000000e+00 4.859697101617311610e+00 2.437620000000000000e+05 0.000000000000000000e+00
3.203721497540000129e+00 3.527082905259999901e+00 0.000000000000000000e+00 4.183758681627582021e+00 2.877520000000000000e+05 0.000000000000000000e+00
3.527082905259999901e+00 3.883082168700000114e+00 0.000000000000000000e+00 3.628769712649062562e+00 3.428640000000000000e+05 0.000000000000000000e+00
3.883082168700000114e+00 4.275013526450000434e+00 0.000000000000000000e+00 3.125921399323697614e+00 4.078120000000000000e+05 0.000000000000000000e+00
4.275013526450000434e+00 4.706503714660000171e+00 0.000000000000000000e+00 2.669489309403003219e+00 4.839800000000000000e+05 0.000000000000000000e+00
4.706503714660000171e+00 5.181545527059999934e+00 0.000000000000000000e+00 2.293652653712344058e+00 5.796720000000000000e+05 0.000000000000000000e+00
5.181545527059999934e+00 5.704534762259999781e+00 0.000000000000000000e+00 1.975138641774151438e+00 6.987060000000000000e+05 0.000000000000000000e+00
5.704534762259999781e+00 6.280310900279999942e+00 0.000000000000000000e+00 1.703084069907186304e+00 8.470900000000000000e+05 0.000000000000000000e+00
6.280310900279999942e+00 6.914201884619999738e+00 0.000000000000000000e+00 1.450473047998566134e+00 1.024714000000000000e+06 0.000000000000000000e+00
6.914201884619999738e+00 7.612073424460000126e+00 0.000000000000000000e+00 1.229946841042461880e+00 1.244314000000000000e+06 0.000000000000000000e+00
7.612073424460000126e+00 8.380383272899999625e+00 0.000000000000000000e+00 1.058846364175716204e+00 1.533000000000000000e+06 0.000000000000000000e+00
8.380383272899999625e+00 9.226240983829999465e+00 0.000000000000000000e+00 8.932126026507472005e-01 1.881050000000000000e+06 0.000000000000000000e+00
9.226240983829999465e+00 1.015747370020000062e+01 0.000000000000000000e+00 7.579043143254704518e-01 2.330660000000000000e+06 0.000000000000000000e+00
1.015747370020000062e+01 1.118269858230000047e+01 0.000000000000000000e+00 6.411633585830576187e-01 2.903476000000000000e+06 0.000000000000000000e+00
1.118269858230000047e+01 1.231140254680000012e+01 0.000000000000000000e+00 5.372398408312055729e-01 3.629032000000000000e+06 0.000000000000000000e+00
1.231140254680000012e+01 1.355403005410000006e+01 0.000000000000000000e+00 4.546345194108356580e-01 4.582324000000000000e+06 0.000000000000000000e+00
1.355403005410000006e+01 1.492207975570000045e+01 0.000000000000000000e+00 3.795618090360475261e-01 5.799036000000000000e+06 0.000000000000000000e+00
1.492207975570000045e+01 1.642821089719999961e+01 0.000000000000000000e+00 3.187460590975568220e-01 7.397050000000000000e+06 0.000000000000000000e+00
1.642821089719999961e+01 1.808636046049999990e+01 0.000000000000000000e+00 2.627180156580224413e-01 9.451190000000000000e+06 0.000000000000000000e+00
1.808636046049999990e+01 1.991187212979999899e+01 0.000000000000000000e+00 2.134410829430435363e-01 1.211941200000000000e+07 0.000000000000000000e+00
1.991187212979999899e+01 2.192163827430000111e+01 0.000000000000000000e+00 1.751726684511500931e-01 1.566200200000000000e+07 0.000000000000000000e+00
2.192163827430000111e+01 2.413425626169999916e+01 0.000000000000000000e+00 1.414121855346608392e-01 2.029882200000000000e+07 0.000000000000000000e+00
2.413425626169999916e+01 2.657020054870000081e+01 0.000000000000000000e+00 1.129891836684515649e-01 2.641204400000000000e+07 0.000000000000000000e+00
2.657020054870000081e+01 2.925201214169999986e+01 0.000000000000000000e+00 8.952410916249609052e-02 3.450091800000000000e+07 0.000000000000000000e+00
2.925201214169999986e+01 3.220450717979999666e+01 0.000000000000000000e+00 7.117034217238615845e-02 4.526214000000000000e+07 0.000000000000000000e+00
3.220450717979999666e+01 3.545500657080000195e+01 0.000000000000000000e+00 5.485152648435054346e-02 5.947721400000000000e+07 0.000000000000000000e+00
3.545500657080000195e+01 3.903358880529999908e+01 0.000000000000000000e+00 4.228599159446555511e-02 7.842037600000000000e+07 0.000000000000000000e+00
3.903358880529999908e+01 4.297336828809999787e+01 0.000000000000000000e+00 3.185874792574061587e-02 1.035964820000000000e+08 0.000000000000000000e+00
4.297336828809999787e+01 4.731080176190000230e+01 0.000000000000000000e+00 2.334385087070489639e-02 1.370973560000000000e+08 0.000000000000000000e+00
4.731080176190000230e+01 5.208602566009999890e+01 0.000000000000000000e+00 1.698127780923108787e-02 1.818038980000000000e+08 0.000000000000000000e+00
5.208602566009999890e+01 5.734322750900000187e+01 0.000000000000000000e+00 1.156219667635638437e-02 2.413045780000000000e+08 0.000000000000000000e+00
5.734322750900000187e+01 6.313105481699999899e+01 0.000000000000000000e+00 8.028793838565695395e-03 3.208696540000000000e+08 0.000000000000000000e+00
6.313105481699999899e+01 6.950306523429999572e+01 0.000000000000000000e+00 4.848241670107666934e-03 4.268142620000000000e+08 0.000000000000000000e+00
6.950306523429999572e+01 7.651822214870000494e+01 0.000000000000000000e+00 2.229993579303979345e-03 5.680526360000000000e+08 0.000000000000000000e+00
7.651822214870000494e+01 8.424144030280000095e+01 0.000000000000000000e+00 1.721231373874365644e-03 7.576189000000000000e+08 0.000000000000000000e+00
8.424144030280000095e+01 9.274418648280000355e+01 0.000000000000000000e+00 2.131501158848081445e-03 1.011373042000000000e+09 0.000000000000000000e+00
9.274418648280000355e+01 1.021051408360000039e+02 0.000000000000000000e+00 2.984724213591638531e-03 1.350714978000000000e+09 0.000000000000000000e+00
1.021051408360000039e+02 1.124109249379999937e+02 0.000000000000000000e+00 2.320181865332893167e-03 1.801186196000000000e+09 0.000000000000000000e+00
1.124109249379999937e+02 1.237569033439999941e+02 0.000000000000000000e+00 3.497101212748265908e-04 2.398759586000000000e+09 0.000000000000000000e+00
1.237569033439999941e+02 1.362480660470000089e+02 0.000000000000000000e+00 -6.833901849744306034e-04 3.197574828000000000e+09 0.000000000000000000e+00
1.362480660470000089e+02 1.500000000000000000e+02 0.000000000000000000e+00 -1.259167429124130599e-03 4.264353060000000000e+09 0.000000000000000000e+00
