1.000000000000000021e-02 1.100933058000000062e-02 0.000000000000000000e+00 2.005873134685641708e+04 2.600000000000000000e+01 0.000000000000000000e+00
1.100933058000000062e-02 1.212053598190000053e-02 0.000000000000000000e+00 3.353390035433424055e+04 5.800000000000000000e+01 0.000000000000000000e+00
1.212053598190000053e-02 1.334389874319999968e-02 0.000000000000000000e+00 2.946323716076428900e+04 6.800000000000000000e+01 0.000000000000000000e+00
1.334389874319999968e-02 1.469073924900000071e-02 0.000000000000000000e+00 3.961433946402745642e+04 1.220000000000000000e+02 0.000000000000000000e+00
1.469073924900000071e-02 1.617352048560000144e-02 0.000000000000000000e+00 3.212042063128748123e+04 1.320000000000000000e+02 0.000000000000000000e+00
1.617352048560000144e-02 1.780596336680000114e-02 0.000000000000000000e+00 3.063607905913170543e+04 1.680000000000000000e+02 0.000000000000000000e+00
1.780596336680000114e-02 1.960317370000000045e-02 0.000000000000000000e+00 2.897184871527272844e+04 2.120000000000000000e+02 0.000000000000000000e+00
1.960317370000000045e-02 2.158178196810000074e-02 0.000000000000000000e+00 3.031447036823413509e+04 2.960000000000000000e+02 0.000000000000000000e+00
2.158178196810000074e-02 2.376009721919999929e-02 0.000000000000000000e+00 2.148956797204041504e+04 2.800000000000000000e+02 0.000000000000000000e+00
2.376009721919999929e-02 2.615827648980000031e-02 0.000000000000000000e+00 2.335148802491171591e+04 4.060000000000000000e+02 0.000000000000000000e+00
2.615827648980000031e-02 2.879851132790000115e-02 0.000000000000000000e+00 2.482729347059207794e+04 5.760000000000000000e+02 0.000000000000000000e+00
2.879851132790000115e-02 3.170523314209999777e-02 0.000000000000000000e+00 2.228800797666757353e+04 6.900000000000000000e+02 0.000000000000000000e+00
3.170523314209999777e-02 3.490533927759999905e-02 0.000000000000000000e+00 2.004322402186927502e+04 8.280000000000000000e+02 0.000000000000000000e+00
3.490533927759999905e-02 3.842844191139999782e-02 0.000000000000000000e+00 2.046275242679983785e+04 1.128000000000000000e+03 0.000000000000000000e+00
3.842844191139999782e-02 4.230714206769999736e-02 0.000000000000000000e+00 1.734678815164738262e+04 1.276000000000000000e+03 0.000000000000000000e+00
4.230714206769999736e-02 4.657733129169999708e-02 0.000000000000000000e+00 1.560779810294899107e+04 1.532000000000000000e+03 0.000000000000000000e+00
4.657733129169999708e-02 5.127852377239999759e-02 0.000000000000000000e+00 1.520858254277026208e+04 1.992000000000000000e+03 0.000000000000000000e+00
5.127852377239999759e-02 5.645422198640000222e-02 0.000000000000000000e+00 1.367449714633817894e+04 2.390000000000000000e+03 0.000000000000000000e+00
5.645422198640000222e-02 6.215231924839999950e-02 0.000000000000000000e+00 1.249445376647076228e+04 2.914000000000000000e+03 0.000000000000000000e+00
6.215231924839999950e-02 6.842554289190000416e-02 0.000000000000000000e+00 1.125914139998463361e+04 3.504000000000000000e+03 0.000000000000000000e+00
6.842554289190000416e-02 7.533194218109999507e-02 0.000000000000000000e+00 9.887170676108606131e+03 4.106000000000000000e+03 0.000000000000000000e+00
7.533194218109999507e-02 8.293542547049999325e-02 0.000000000000000000e+00 9.167071328183044898e+03 5.080000000000000000e+03 0.000000000000000000e+00
8.293542547049999325e-02 9.130635157960000081e-02 0.000000000000000000e+00 8.465538091536940556e+03 6.260000000000000000e+03 0.000000000000000000e+00
9.130635157960000081e-02 1.005221808589999988e-01 0.000000000000000000e+00 7.653393361021301644e+03 7.552000000000000000e+03 0.000000000000000000e+00
1.005221808589999988e-01 1.106681919699999961e-01 0.000000000000000000e+00 7.148044104774058724e+03 9.412000000000000000e+03 0.000000000000000000e+00
1.106681919699999961e-01 1.218382710089999932e-01 0.000000000000000000e+00 6.515478111860711579e+03 1.144800000000000000e+04 0.000000000000000000e+00
1.218382710089999932e-01 1.341357802829999946e-01 0.000000000000000000e+00 6.018045081184655828e+03 1.411000000000000000e+04 0.000000000000000000e+00
1.341357802829999946e-01 1.476745147740000097e-01 0.000000000000000000e+00 5.487296291583877064e+03 1.716800000000000000e+04 0.000000000000000000e+00
1.476745147740000097e-01 1.625797551379999928e-01 0.000000000000000000e+00 5.007960399935632267e+03 2.090800000000000000e+04 0.000000000000000000e+00
1.625797551379999928e-01 1.789894269929999948e-01 0.000000000000000000e+00 4.441088140044503234e+03 2.474200000000000000e+04 0.000000000000000000e+00
1.789894269929999948e-01 1.970553772089999878e-01 0.000000000000000000e+00 3.930692713713610829e+03 2.922200000000000000e+04 0.000000000000000000e+00
1.970553772089999878e-01 2.169447790260000120e-01 0.000000000000000000e+00 3.429213902293387036e+03 3.402000000000000000e+04 0.000000000000000000e+00
2.169447790260000120e-01 2.388416789900000003e-01 0.000000000000000000e+00 2.896656321549386575e+03 3.834800000000000000e+04 0.000000000000000000e+00
2.388416789900000003e-01 2.629487000280000264e-01 0.000000000000000000e+00 2.401105524895401686e+03 4.242000000000000000e+04 0.000000000000000000e+00
2.629487000280000264e-01 2.894889164180000085e-01 0.000000000000000000e+00 1.958628737135694109e+03 4.617800000000000000e+04 0.000000000000000000e+00
2.894889164180000085e-01 3.187079180090000019e-01 0.000000000000000000e+00 1.526200950918238505e+03 4.802200000000000000e+04 0.000000000000000000e+00
3.187079180090000019e-01 3.508760827819999983e-01 0.000000000000000000e+00 1.200692284253331991e+03 5.042200000000000000e+04 0.000000000000000000e+00
3.508760827819999983e-01 3.862910787959999981e-01 0.000000000000000000e+00 9.140582287004510817e+02 5.123400000000000000e+04 0.000000000000000000e+00
3.862910787959999981e-01 4.252806186559999757e-01 0.000000000000000000e+00 6.929684676157979766e+02 5.184800000000000000e+04 0.000000000000000000e+00
4.252806186559999757e-01 4.682054920050000013e-01 0.000000000000000000e+00 5.170781987881523492e+02 5.165000000000000000e+04 0.000000000000000000e+00
4.682054920050000013e-01 5.154629040839999732e-01 0.000000000000000000e+00 3.875967769557201450e+02 5.169600000000000000e+04 0.000000000000000000e+00
5.154629040839999732e-01 5.674901512779999546e-01 0.000000000000000000e+00 2.894056319169768017e+02 5.155200000000000000e+04 0.000000000000000000e+00
5.674901512779999546e-01 6.247686676310000298e-01 0.000000000000000000e+00 2.168681807063501026e+02 5.160800000000000000e+04 0.000000000000000000e+00
6.247686676310000298e-01 6.878284797970000142e-01 0.000000000000000000e+00 1.626514009554450411e+02 5.172800000000000000e+04 0.000000000000000000e+00
6.878284797970000142e-01 7.572531116409999541e-01 0.000000000000000000e+00 1.213236698082621103e+02 5.159400000000000000e+04 0.000000000000000000e+00
7.572531116409999541e-01 8.336849838780000521e-01 0.000000000000000000e+00 9.246463919050277980e+01 5.260400000000000000e+04 0.000000000000000000e+00
8.336849838780000521e-01 9.178313587080000335e-01 0.000000000000000000e+00 6.958090870359829694e+01 5.300800000000000000e+04 0.000000000000000000e+00
9.178313587080000335e-01 1.010470884470000108e+00 0.000000000000000000e+00 5.291755718025398636e+01 5.403400000000000000e+04 0.000000000000000000e+00
1.010470884470000108e+00 1.112460800860000099e+00 0.000000000000000000e+00 4.014945427457392668e+01 5.502800000000000000e+04 0.000000000000000000e+00
1.112460800860000099e+00 1.224744871389999989e+00 0.000000000000000000e+00 3.107613731016039083e+01 5.723800000000000000e+04 0.000000000000000000e+00
1.224744871389999989e+00 1.348362116529999932e+00 0.000000000000000000e+00 2.436598985545491303e+01 6.040000000000000000e+04 0.000000000000000000e+00
1.348362116529999932e+00 1.484456428239999903e+00 0.000000000000000000e+00 1.947668018777956789e+01 6.506200000000000000e+04 0.000000000000000000e+00
1.484456428239999903e+00 1.634287155009999992e+00 0.000000000000000000e+00 1.577558931978048662e+01 7.112600000000000000e+04 0.000000000000000000e+00
1.634287155009999992e+00 1.799240755210000042e+00 0.000000000000000000e+00 1.306140391303101467e+01 7.955400000000000000e+04 0.000000000000000000e+00
1.799240755210000042e+00 1.980843626710000027e+00 0.000000000000000000e+00 1.088746763127491946e+01 8.974400000000000000e+04 0.000000000000000000e+00
1.980843626710000027e+00 2.180776231369999874e+00 0.000000000000000000e+00 9.347900747935108612e+00 1.042440000000000000e+05 0.000000000000000000e+00
2.180776231369999874e+00 2.400888645209999783e+00 0.000000000000000000e+00 7.876740659029803027e+00 1.193260000000000000e+05 0.000000000000000000e+00
2.400888645209999783e+00 2.643217678090000078e+00 0.000000000000000000e+00 6.748194570270241499e+00 1.389840000000000000e+05 0.000000000000000000e+00
2.643217678090000078e+00 2.910005721290000125e+00 0.000000000000000000e+00 5.833627741097001440e+00 1.635680000000000000e+05 0.000000000000000000e+00
2.910005721290000125e+00 3.203721497540000129e+00 0.000000000000000000e+00 5.071393190722545796e+00 1.939180000000000000e+05 0.000000000000000000e+00
3.203721497540000129e+00 3.527082905259999901e+00 0.000000000000000000e+00 4.416248275179564864e+00 2.308400000000000000e+05 0.000000000000000000e+00
3.527082905259999901e+00 3.883082168700000114e+00 0.000000000000000000e+00 3.756998729577344598e+00 2.705380000000000000e+05 0.000000000000000000e+00
3.883082168700000114e+00 4.275013526450000434e+00 0.000000000000000000e+00 3.235615584369054609e+00 3.214360000000000000e+05 0.000000000000000000e+00
4.275013526450000434e+00 4.706503714660000171e+00 0.000000000000000000e+00 2.785481755933429504e+00 3.833380000000000000e+05 0.000000000000000000e+00
4.706503714660000171e+00 5.181545527059999934e+00 0.000000000000000000e+00 2.384672285814144921e+00 4.573620000000000000e+05 0.000000000000000000e+00
5.181545527059999934e+00 5.704534762259999781e+00 0.000000000000000000e+00 2.050490394313060794e+00 5.500420000000000000e+05 0.000000000000000000e+00
5.704534762259999781e+00 6.280310900279999942e+00 0.000000000000000000e+00 1.758327794081898432e+00 6.636740000000000000e+05 0.000000000000000000e+00
6.280310900279999942e+00 6.914201884619999738e+00 0.000000000000000000e+00 1.500186566526600984e+00 8.027200000000000000e+05 0.000000000000000000e+00
6.914201884619999738e+00 7.612073424460000126e+00 0.000000000000000000e+00 1.281811059990628276e+00 9.775840000000000000e+05 0.000000000000000000e+00
7.612073424460000126e+00 8.380383272899999625e+00 0.000000000000000000e+00 1.096457050690162749e+00 1.198514000000000000e+06 0.000000000000000000e+00
8.380383272899999625e+00 9.226240983829999465e+00 0.000000000000000000e+00 9.275657489395103816e-01 1.470446000000000000e+06 0.000000000000000000e+00
9.226240983829999465e+00 1.015747370020000062e+01 0.000000000000000000e+00 7.788928400065362467e-01 1.810808000000000000e+06 0.000000000000000000e+00
1.015747370020000062e+01 1.118269858230000047e+01 0.000000000000000000e+00 6.591164704881187220e-01 2.253628000000000000e+06 0.000000000000000000e+00
1.118269858230000047e+01 1.231140254680000012e+01 0.000000000000000000e+00 5.527087970908008963e-01 2.814350000000000000e+06 0.000000000000000000e+00
1.231140254680000012e+01 1.355403005410000006e+01 0.000000000000000000e+00 4.655059320684420410e-01 3.544528000000000000e+06 0.000000000000000000e+00
1.355403005410000006e+01 1.492207975570000045e+01 0.000000000000000000e+00 3.891683744091705144e-01 4.483410000000000000e+06 0.000000000000000000e+00
1.492207975570000045e+01 1.642821089719999961e+01 0.000000000000000000e+00 3.254048980594166363e-01 5.708012000000000000e+06 0.000000000000000000e+00
1.642821089719999961e+01 1.808636046049999990e+01 0.000000000000000000e+00 2.660694519388147050e-01 7.275730000000000000e+06 0.000000000000000000e+00
1.808636046049999990e+01 1.991187212979999899e+01 0.000000000000000000e+00 2.201711090692770600e-01 9.356696000000000000e+06 0.000000000000000000e+00
1.991187212979999899e+01 2.192163827430000111e+01 0.000000000000000000e+00 1.778237218790992280e-01 1.205215800000000000e+07 0.000000000000000000e+00
2.192163827430000111e+01 2.413425626169999916e+01 0.000000000000000000e+00 1.430018716487733155e-01 1.560681200000000000e+07 0.000000000000000000e+00
2.413425626169999916e+01 2.657020054870000081e+01 0.000000000000000000e+00 1.157094432712835186e-01 2.032830200000000000e+07 0.000000000000000000e+00
2.657020054870000081e+01 2.925201214169999986e+01 0.000000000000000000e+00 9.007966918070442475e-02 2.650275200000000000e+07 0.000000000000000000e+00
2.925201214169999986e+01 3.220450717979999666e+01 0.000000000000000000e+00 7.293356673770889920e-02 3.480874000000000000e+07 0.000000000000000000e+00
3.220450717979999666e+01 3.545500657080000195e+01 0.000000000000000000e+00 5.620719846368915640e-02 4.572432800000000000e+07 0.000000000000000000e+00
3.545500657080000195e+01 3.903358880529999908e+01 0.000000000000000000e+00 4.301976781618166434e-02 6.025228000000000000e+07 0.000000000000000000e+00
3.903358880529999908e+01 4.297336828809999787e+01 0.000000000000000000e+00 3.179500714929073268e-02 7.953478400000000000e+07 0.000000000000000000e+00
4.297336828809999787e+01 4.731080176190000230e+01 0.000000000000000000e+00 2.356832412220710715e-02 1.052842140000000000e+08 0.000000000000000000e+00
4.731080176190000230e+01 5.208602566009999890e+01 0.000000000000000000e+00 1.679648354141738409e-02 1.395607180000000000e+08 0.000000000000000000e+00
5.208602566009999890e+01 5.734322750900000187e+01 0.000000000000000000e+00 1.197139573919514532e-02 1.853446840000000000e+08 0.000000000000000000e+00
5.734322750900000187e+01 6.313105481699999899e+01 0.000000000000000000e+00 7.744230403762486503e-03 2.462889660000000000e+08 0.000000000000000000e+00
6.313105481699999899e+01 6.950306523429999572e+01 0.000000000000000000e+00 4.592812131129386799e-03 3.276177620000000000e+08 0.000000000000000000e+00
6.950306523429999572e+01 7.651822214870000494e+01 0.000000000000000000e+00 1.959084630095198065e-03 4.360237020000000000e+08 0.000000000000000000e+00
7.651822214870000494e+01 8.424144030280000095e+01 0.000000000000000000e+00 1.750520113798836874e-03 5.817045020000000000e+08 0.000000000000000000e+00
8.424144030280000095e+01 9.274418648280000355e+01 0.000000000000000000e+00 2.327249164426170580e-03 7.766674840000000000e+08 0.000000000000000000e+00
9.274418648280000355e+01 1.021051408360000039e+02 0.000000000000000000e+00 3.215767049671969247e-03 1.037295928000000000e+09 0.000000000000000000e+00
1.021051408360000039e+02 1.124109249379999937e+02 0.000000000000000000e+00 2.609953683680332759e-03 1.383321330000000000e+09 0.000000000000000000e+00
1.124109249379999937e+02 1.237569033439999941e+02 0.000000000000000000e+00 4.810927361906802702e-04 1.841970562000000000e+09 0.000000000000000000e+00
1.237569033439999941e+02 1.362480660470000089e+02 0.000000000000000000e+00 -6.376148384822366566e-04 2.455158510000000000e+09 0.000000000000000000e+00
1.362480660470000089e+02 1.500000000000000000e+02 0.000000000000000000e+00 -1.094728648575293839e-03 3.274640132000000000e+09 0.000000000000000000e+00
