9.376332351976084465e+04
6.590247167388904199e+04
1.118730754338632105e+05
1.047750482339215523e+05
8.771565165273625462e+04
6.925417792016851308e+04
5.628615748391242232e+04
4.448161046808837273e+04
3.560274928825180541e+04
2.659895935920484408e+04
1.839685932720022902e+04
1.287888671219280513e+04
9.061323574627669586e+03
6.070398248811849044e+03
4.101194916430170451e+03
2.749421603574540768e+03
1.813890708917933352e+03
1.183063527518665751e+03
7.681413621795269364e+02
4.932312933174773093e+02
3.076811797966105360e+02
1.906842933431462654e+02
1.137269989316205425e+02
6.631788919507114599e+01
3.807910043963618563e+01
2.151231170482823529e+01
1.237409232396023029e+01
7.833398511622140070e+00
5.553204579334229507e+00
4.170232085079126350e+00
3.190216045341448758e+00
2.394268848201363209e+00
1.800046865726592227e+00
1.324215494455197151e+00
9.774665533458345434e-01
7.018997344788515669e-01
5.069129352286655399e-01
3.654950374984827777e-01
2.524084075711197084e-01
1.700341911463936206e-01
1.106308876307950245e-01
6.858521020513866362e-02
4.224209364679088613e-02
2.352263471119685201e-02
1.192652865583701885e-02
5.215692527017971002e-03
1.064981919203315678e-03
1.997472333931511052e-03
6.765549950616562289e-04
-4.981846188309887709e-04
