7.332504686388745904e+04
1.634120472966249508e+05
6.049386366270077269e+04
1.052065020220819715e+05
7.655216292588808574e+04
7.533487006562632450e+04
6.253472298579664493e+04
5.714371238357488619e+04
4.436755837726026948e+04
3.162186812671967709e+04
2.482528630327905921e+04
1.975655998521865695e+04
1.516990969536622652e+04
1.045257194109768534e+04
7.634473671663910864e+03
5.418059113689960213e+03
3.876229342188990813e+03
2.734913969966896730e+03
1.926884527194775046e+03
1.326407290213996703e+03
9.388130555550189911e+02
6.171660053846372875e+02
4.095080986940001821e+02
2.627988780614753068e+02
1.591618993471461181e+02
9.335419769162837156e+01
5.207717148320467260e+01
2.722732509069416906e+01
1.401787067674124820e+01
8.255876926272714300e+00
5.524778728930923144e+00
4.058080404099650984e+00
3.012546798153917571e+00
2.188497690415773800e+00
1.582422780381549599e+00
1.168773123674399894e+00
8.285293377510465351e-01
5.890682615001370248e-01
4.067448678710929855e-01
2.797802084724470006e-01
1.873790572545154243e-01
1.221492941559460116e-01
7.498362833714233844e-02
4.262448936488379830e-02
1.837403769800698139e-02
8.317527717978450905e-03
2.741236312033249259e-03
6.422648322356030309e-03
2.264469764634088542e-03
-5.138685353200941951e-05
