1.513673880714904226e+05
6.950560676752557629e+04
7.703557250067053246e+04
8.884622778109538194e+04
6.552065797952099820e+04
6.753803616497293115e+04
4.590017428044256667e+04
4.436656202095953631e+04
3.435606376797103439e+04
2.594136859063283191e+04
2.053311433857187876e+04
1.621807422060684439e+04
1.127369716312452874e+04
7.911697340446762610e+03
5.603216456204781935e+03
4.064612517999744341e+03
2.884078900026440351e+03
1.981691764456431201e+03
1.371425958907246468e+03
9.482347030541073991e+02
6.226720561076913327e+02
4.198180008163810726e+02
2.648878275349024420e+02
1.661136988653767901e+02
9.922568722402185415e+01
5.567340672878633256e+01
3.055288470582862459e+01
1.601630192874999636e+01
9.071679619158919294e+00
6.242110402061062935e+00
4.565990696155710182e+00
3.346953903580183631e+00
2.451578487219030489e+00
1.789969994940963760e+00
1.308230320291073223e+00
9.540889984743798902e-01
6.574806356511506689e-01
4.798194970074697308e-01
3.344467521816705258e-01
2.242918047374433954e-01
1.406302292541783128e-01
9.227827724577865320e-02
5.574338290793029449e-02
3.170877603981313297e-02
1.554480892721209206e-02
6.440148650051895698e-03
3.184115570249192433e-03
4.727343086450805885e-03
6.550956606639993804e-04
-5.622597156089640790e-04
