1.405438257790368225e+05
6.132918761267061200e+04
8.264530268032250751e+04
6.111123980169971765e+04
6.651060240149368474e+04
5.462011756373937533e+04
4.757077050933687860e+04
3.578745599860914081e+04
2.920706898762486890e+04
2.131165676544545931e+04
1.559455731681809448e+04
1.161460920156457541e+04
8.004066462599790611e+03
5.492270529410359813e+03
3.713933423921243957e+03
2.573230017199108715e+03
1.729380475885644728e+03
1.157652252525554786e+03
7.658372001057906573e+02
5.055339004334289825e+02
3.214950141896379705e+02
2.013273783859597188e+02
1.235951622692317784e+02
7.265289093390288144e+01
4.205618904215254616e+01
2.332974225644194277e+01
1.319462959116728840e+01
8.072467448142086610e+00
5.657694017706567990e+00
4.180382991586673036e+00
3.151979867553468484e+00
2.332630047588371003e+00
1.744507743504410735e+00
1.282686002027654704e+00
9.359353868551419930e-01
6.824074668818576050e-01
4.825263847074494628e-01
3.377088236670185428e-01
2.350440985605926347e-01
1.615035865990499531e-01
1.031735006550683204e-01
6.540444137970090333e-02
4.056456990081633296e-02
2.268967226478201676e-02
1.224710772095313586e-02
6.107374912105733439e-03
1.987915780471825444e-03
2.835059631129997239e-03
1.100719028994109850e-03
-5.011157389187843435e-04
