5.354427668974915287e+04
4.099931101656953979e+04
3.143535716972038426e+04
3.265817423672566292e+04
2.546199437550415314e+04
2.675084439896852928e+04
1.903710749070764359e+04
1.652622688442901199e+04
1.284396586072767059e+04
9.216726316451547973e+03
6.518036670015957498e+03
4.828379340534389485e+03
3.285111671052680322e+03
2.150649748145767262e+03
1.440814145931722123e+03
9.488424689601657747e+02
6.270839326076720681e+02
4.060387256494202575e+02
2.610563204336131662e+02
1.659994393381969360e+02
1.022578748777577289e+02
6.141914282563786998e+01
3.558202978212975154e+01
2.080753446596039424e+01
1.256315002507566803e+01
8.163732096080012823e+00
5.850454978324403754e+00
4.384402860323285189e+00
3.337827462434614034e+00
2.525610589173844289e+00
1.902225180617202138e+00
1.428749252027522232e+00
1.061085884879938268e+00
7.885712839914719163e-01
5.787200981297184743e-01
4.196226589877209978e-01
3.002211948738690572e-01
2.129725310341036848e-01
1.473294477391484669e-01
9.942430512769072359e-02
6.442367196295316345e-02
4.064520392729383674e-02
2.416052261444010321e-02
1.420170208826114326e-02
7.507961166242648615e-03
3.269269146311936519e-03
1.104369897619509764e-03
1.468274900041506266e-03
7.146447784981744102e-04
-5.404539733338603255e-04
