1.680368494509265583e+05
1.186144966712422902e+05
1.803421046328071679e+05
1.755492450734385930e+05
1.459732499957103864e+05
1.163294971366437239e+05
1.002926161586307571e+05
8.211988304371973209e+04
6.652893609701249807e+04
5.249631922098985524e+04
3.717729573686344520e+04
2.813584752618707353e+04
2.071706088114410159e+04
1.439948437497458690e+04
1.030928446531878581e+04
7.232940278873281386e+03
5.053624798503708007e+03
3.452215355135544996e+03
2.337139861139770346e+03
1.586045349711849440e+03
1.044970860969786145e+03
6.948881508881765967e+02
4.416411663049764798e+02
2.765982625096660854e+02
1.683271568921968253e+02
9.923559909194801776e+01
5.594095328977522996e+01
3.068493585675634350e+01
1.659038676125014078e+01
9.446032654075352752e+00
6.138098086484673033e+00
4.333454352078385696e+00
3.129005922853238530e+00
2.327730560489854383e+00
1.696162117469139252e+00
1.214208531755485376e+00
8.596140701038150755e-01
6.224470040022062056e-01
4.302685594125209012e-01
2.964137493472269180e-01
1.937507163745519068e-01
1.217092923176315705e-01
7.751025070307007714e-02
4.181250607503417954e-02
2.044733990455146339e-02
9.235630188729367085e-03
3.612472637248155972e-03
4.291553057908827074e-03
1.149020078766429089e-03
-9.177161338794870933e-04
