5.243704894973742921e+04
3.619029416059372306e+04
6.171603955229878920e+04
5.469694894598649989e+04
4.558566684639910090e+04
3.661473311972655938e+04
2.930170892137096962e+04
2.259071230771473711e+04
1.735914360437822688e+04
1.240899408559880067e+04
8.256091818683435122e+03
5.508113546228966698e+03
3.689776409277548282e+03
2.359151425772726725e+03
1.536645098350342550e+03
9.829354360435590934e+02
6.215040644226362474e+02
3.906287814712587192e+02
2.424848375672582108e+02
1.475314477656564520e+02
8.758299975491834743e+01
5.124905654990838855e+01
3.023514855729469630e+01
1.812941279209773882e+01
1.149206679452591473e+01
7.905146158768614484e+00
5.916804041998799057e+00
4.570925745843464227e+00
3.548239033731938274e+00
2.741551106203958810e+00
2.094465681868780127e+00
1.583077892491240535e+00
1.179555226398962819e+00
8.779910929980242473e-01
6.477963881866554141e-01
4.692961147065355387e-01
3.381530364261968180e-01
2.392102870184400487e-01
1.671648447876440680e-01
1.121893893017376215e-01
7.320700770867175078e-02
4.739118493848820668e-02
2.838965431558742800e-02
1.626402087882378514e-02
8.239234056948241056e-03
3.485684565755139529e-03
1.047369919276781684e-03
1.374485142708495571e-03
5.669882597969894090e-04
-5.417365849451085368e-04
