3.866800982467260474e+04
1.169387887469015004e+04
2.212958273098733480e+04
1.546369616837102694e+04
1.744382984908192157e+04
1.953801379406423075e+04
1.427111299242483619e+04
1.253292048375044396e+04
8.928104418590926798e+03
7.091262325708842582e+03
5.602244924135839028e+03
4.266360477988878301e+03
2.848894325169431795e+03
1.980057087641940825e+03
1.363424314860649474e+03
9.318683304750375100e+02
6.138330651649348511e+02
4.050700524856883931e+02
2.655492896323921741e+02
1.708271109077263645e+02
1.055566400700303689e+02
6.258304108372784924e+01
3.584281185468791620e+01
2.016171047367782521e+01
1.184759113989599477e+01
7.751326250832661025e+00
5.614572756717715940e+00
4.217489250216994279e+00
3.182909388160720443e+00
2.382740415424610347e+00
1.790421297714722249e+00
1.332708600200702254e+00
9.871955483519069263e-01
7.311736120903058467e-01
5.342345585240562134e-01
3.884001223090624566e-01
2.787312044234019903e-01
1.967074107053004284e-01
1.342150197943708934e-01
9.102953538900761254e-02
5.868233933584214579e-02
3.661342916430091604e-02
2.184272623443522798e-02
1.229813389346266425e-02
6.145917938859862123e-03
2.712285164372124462e-03
9.061791394845050132e-04
1.318823679631996298e-03
5.127750429769331380e-04
-5.764131172126153854e-04
