9.473439723097228853e+04
5.919352724178286735e+04
4.764425409805469099e+04
5.485447828287030279e+04
4.005425010027744429e+04
4.187946109826766769e+04
2.908387366939613275e+04
2.571662131300060355e+04
2.055822847381388056e+04
1.484545542019140703e+04
1.075140918890099238e+04
8.240057687921718752e+03
5.821793259197123916e+03
3.928695327718507542e+03
2.704640254754833222e+03
1.794858110808839001e+03
1.242108004695347518e+03
8.222626751860868808e+02
5.442575332450633141e+02
3.613204488795632869e+02
2.323618410252092303e+02
1.431942016033855225e+02
8.668143377452808807e+01
4.982810094650887578e+01
2.809186619994918743e+01
1.579724480459522518e+01
9.542114207064841480e+00
6.352666997063360910e+00
4.637445976861009456e+00
3.500737908584970359e+00
2.642838513396781774e+00
1.960298699673475031e+00
1.468210420454683529e+00
1.071044609835506201e+00
7.817200214598081232e-01
5.657424910622164127e-01
4.021039258020038254e-01
2.836351252717485005e-01
1.964987393483172418e-01
1.344760458308198459e-01
8.765916488595544565e-02
5.417712540831679663e-02
3.300870127936117449e-02
1.894944011888330740e-02
1.047489277744635162e-02
4.770186208191488399e-03
9.270148936276302121e-04
1.765195153444680792e-03
5.193566180652716031e-04
-5.446228051314550272e-04
