9.191556214509888378e+04
8.012068855262301804e+04
5.696088014288299019e+04
5.974194385554860492e+04
4.655005604907984525e+04
5.322485116964022745e+04
3.430342341648157890e+04
3.108649423025794385e+04
2.401075814447900484e+04
1.844066250899032457e+04
1.354958271437433541e+04
1.017640418441368092e+04
7.401273732924395517e+03
5.141997649381008159e+03
3.514735819097385047e+03
2.429655706471295616e+03
1.660201542147905684e+03
1.120904053034282924e+03
7.596736633868250692e+02
5.031023761954399447e+02
3.295303543353348914e+02
2.072781634787447729e+02
1.273279470251959964e+02
7.533814491473313524e+01
4.315209125583948691e+01
2.376054998322599587e+01
1.325720970505840590e+01
7.953272685686278543e+00
5.616000990094337730e+00
4.145963682322375554e+00
3.121216842571292727e+00
2.328651385435265286e+00
1.716762933126406709e+00
1.258202285902072948e+00
9.083654430626962872e-01
6.500872807262204622e-01
4.706947290451519161e-01
3.331832494895317076e-01
2.296388065445417181e-01
1.544878191136095369e-01
9.980600573798041608e-02
6.047343670872321053e-02
3.993254227872695961e-02
2.192268371840867466e-02
1.113291776331136289e-02
4.256739367349631452e-03
4.492996180877408289e-04
1.841651236657953789e-03
5.038798719168363031e-04
-1.218900591002856871e-03
