7.001805317621867289e+04
4.954808081905018480e+04
3.623066414350959531e+04
4.332783674807704665e+04
3.163318410136825696e+04
3.615818451693323004e+04
2.414879543506577465e+04
2.213554429914271532e+04
1.692714125412389694e+04
1.213913405760967544e+04
8.893474107370509955e+03
6.599868626426649826e+03
4.587394953507234277e+03
3.025937790799371214e+03
2.095406786903021384e+03
1.385642290988091418e+03
9.405167181883257399e+02
6.131126656617590243e+02
4.040889808886113883e+02
2.612371173185802604e+02
1.639064566516688899e+02
1.002189758444646230e+02
5.934472386164775060e+01
3.415072411006566000e+01
1.966455631145114324e+01
1.148144394992804074e+01
7.456281945343472550e+00
5.337212309861490311e+00
4.012632574790382378e+00
3.039287303839230958e+00
2.286329558217452540e+00
1.709151483125557425e+00
1.261095916501985270e+00
9.233692334278311709e-01
6.804753773727607591e-01
4.963348236312754014e-01
3.545093637751119409e-01
2.499478623276020495e-01
1.728378270452355370e-01
1.165552486713691688e-01
7.718101233709631637e-02
4.801853031689057305e-02
2.873396699744203142e-02
1.617507253552074101e-02
8.604785452064115520e-03
4.200459212394372192e-03
1.729203361460811923e-03
1.643016433354207084e-03
6.003445664849681434e-04
-5.242906948504441741e-04
