1.293103855719402636e+05
8.708697395661208429e+04
6.511739416301421443e+04
7.951401969951855426e+04
5.009869538159153308e+04
5.982222220980004931e+04
4.224409954533818382e+04
3.592687264166803652e+04
2.967392759195365943e+04
2.263377906181786966e+04
1.727158388991003085e+04
1.289631637777003561e+04
9.621500390558783693e+03
6.628893392471701191e+03
4.598535291840095852e+03
3.263549921508486477e+03
2.249894073403720540e+03
1.564731126114252220e+03
1.060619473661695565e+03
7.246087324626965938e+02
4.804429740182806086e+02
3.100403308022690680e+02
1.952218416107966732e+02
1.173529395628395378e+02
6.891516567438721097e+01
3.831692753448236033e+01
2.072883689603324342e+01
1.129940615503189960e+01
7.153675367478353309e+00
5.129242531580451292e+00
3.814207171843222000e+00
2.810132666592296768e+00
2.063192886730447650e+00
1.515095264033722744e+00
1.107526343945931968e+00
8.036511720032808448e-01
5.655243562137255431e-01
3.942384370395966009e-01
2.716685978338420626e-01
1.876949902050970564e-01
1.208986468791069940e-01
7.611741168314570261e-02
4.591026437518260644e-02
2.277530742790169829e-02
9.781268874401572930e-03
5.307961630551927441e-03
1.210636782065733314e-03
2.466852370175380213e-03
7.684212488588609618e-04
-1.081205610911900941e-03
