2.718754947930735852e+02
2.411395647315164297e+02
2.241063497683041987e+02
2.116740159129238918e+02
1.912865666394585560e+02
1.854783092978062768e+02
1.958505140299437244e+02
1.984422072750783173e+02
1.914746533179353492e+02
1.867557851943922742e+02
1.828937244358425573e+02
1.744338480772584603e+02
1.655688736967866248e+02
1.540216938221250018e+02
1.372270432659944390e+02
1.222676694553687184e+02
1.084097729983552370e+02
9.369796148676991265e+01
8.066732102917620750e+01
6.880183821945911404e+01
5.802340564476257612e+01
4.828960095373273020e+01
3.992700272419728691e+01
3.244466307025892604e+01
2.595685710175761685e+01
2.038579017358426171e+01
1.562288815903667327e+01
1.170122453440469101e+01
8.642485000978641807e+00
6.433292893191218553e+00
4.856930756026769380e+00
3.748976919216627568e+00
2.947178972481176551e+00
2.380105762711043127e+00
1.956958836217489672e+00
1.634021932438824987e+00
1.381333783990647657e+00
1.173574454298907499e+00
1.001185281525772242e+00
8.597463213489942024e-01
7.393382211396873904e-01
6.262035812046613525e-01
5.225527148476918349e-01
4.303427815399653023e-01
3.453479812159266915e-01
2.728717299642400285e-01
2.014210809939133151e-01
1.375222213119388637e-01
1.161702755508338680e-01
7.859039589559144168e-02
