3.508109748331135052e+02
2.870295088419720742e+02
2.532144261862451913e+02
2.491433870224168459e+02
2.127175306565343362e+02
1.893034186948575552e+02
2.201594203357462902e+02
2.465025439683780633e+02
2.359087451622658591e+02
2.302098635235113306e+02
2.279963455033471291e+02
2.310178769641022427e+02
2.249175274027220439e+02
2.166031926428248653e+02
2.022639030111885177e+02
1.879521352517589889e+02
1.726862273839440149e+02
1.567966955930881738e+02
1.408719698561240250e+02
1.243818956660843753e+02
1.102616026047874698e+02
9.691381007681344784e+01
8.386907229627676941e+01
7.209980552694936762e+01
6.135304096336769675e+01
5.083268716495263106e+01
4.121997976692421162e+01
3.272032917559485554e+01
2.498612345333952334e+01
1.851281354249762856e+01
1.357175629624939006e+01
1.001410037661938546e+01
7.501654732673197934e+00
5.745487354731553253e+00
4.453462232613988547e+00
3.510246785186827978e+00
2.833012073700619471e+00
2.285805293838338415e+00
1.885653634179220717e+00
1.568783437145126136e+00
1.305133176190932165e+00
1.090064234494852791e+00
9.052359386649764250e-01
7.434875693693380194e-01
6.055293221082963528e-01
4.585500860821258295e-01
3.331415638593355211e-01
2.360239293976342245e-01
2.077724032298514378e-01
1.297406960114886598e-01
