2.835393041773252207e+02
2.567997645360139813e+02
2.503858263477593482e+02
2.415507851964125621e+02
1.924859716832022514e+02
1.930575212078210825e+02
2.099730830361791050e+02
2.044334988194585776e+02
2.207667814004313414e+02
2.071638101493094837e+02
1.833683402595416965e+02
1.830888074993328019e+02
1.940002208134289390e+02
1.798795198067420529e+02
1.734744549697157368e+02
1.513894477067888147e+02
1.373701978843745337e+02
1.344066889432394873e+02
1.186927195270046695e+02
1.104886292481871806e+02
9.701400787298332773e+01
8.422159325592896550e+01
7.564965737177003291e+01
6.427642522058695818e+01
5.614202504836794105e+01
4.783399156639929828e+01
3.929096350240336477e+01
3.099332756699589808e+01
2.363284387997573432e+01
1.726172562516546094e+01
1.266947676241449905e+01
9.314501786099725678e+00
7.023078043479287658e+00
5.376338569814142154e+00
4.319497956174339848e+00
3.446649445903819498e+00
2.762670744323053817e+00
2.278917769827041973e+00
1.864462516670789771e+00
1.528354839548067723e+00
1.254381817765457097e+00
1.065498757202907321e+00
8.947639273682299610e-01
7.626864008956678598e-01
6.250998947700535657e-01
4.864665195976543011e-01
3.438401093527739261e-01
2.597650477003709546e-01
2.218348712895198971e-01
1.461507242426423603e-01
