1.112590984563190659e+02
9.327541348988182790e+01
8.261274997271021903e+01
7.566853478743053074e+01
6.865881153776751944e+01
6.650732791447254044e+01
6.685949764789839378e+01
6.483175720397571240e+01
6.279420800926851598e+01
6.081670199165739632e+01
5.776381816720437712e+01
5.416895942245652407e+01
5.137715293400553662e+01
4.648115210269201469e+01
4.219591226604153178e+01
3.695008448278724700e+01
3.212136670616679623e+01
2.761266996658394390e+01
2.344312118931987143e+01
1.966675415797464055e+01
1.631467244763343416e+01
1.331773747173922828e+01
1.058155307628949515e+01
8.215704943000149640e+00
6.211115871251895015e+00
4.649726274349461619e+00
3.507351863899149880e+00
2.688188450263148788e+00
2.116572241921015785e+00
1.700165033989389674e+00
1.394718968513940283e+00
1.167123049926128031e+00
9.933601938163751921e-01
8.572530991735538564e-01
7.474635980504975574e-01
6.590779172039954448e-01
5.835275775889764427e-01
5.176372602618299901e-01
4.571863983919096652e-01
4.024650544531801488e-01
3.510762902978185052e-01
3.008676886232942715e-01
2.528196948078985651e-01
2.082687304800771022e-01
1.682191016596234490e-01
1.322371429493122696e-01
9.941320022461935801e-02
6.753421006535482995e-02
5.611686244695102826e-02
4.068883257774531109e-02
