1.592498088008684363e+02
1.315913210397632724e+02
1.129279932511773268e+02
1.009853461426922081e+02
8.664393256299487689e+01
7.870933251368401784e+01
7.960783905820611039e+01
7.726097294203219690e+01
7.021647422675724215e+01
6.715724044510807289e+01
6.518958043360478882e+01
6.041842923791908504e+01
5.434536160658456794e+01
4.794807728074373188e+01
4.138738253446966553e+01
3.536055858949492858e+01
2.963450035018655981e+01
2.460906699472635140e+01
2.028333053063055402e+01
1.651676926095787934e+01
1.327131959771630676e+01
1.050793285024424684e+01
8.172435068584405826e+00
6.249620946030979951e+00
4.713764108369282724e+00
3.549360857857888352e+00
2.708139735886172961e+00
2.118742900577204047e+00
1.701763993624952231e+00
1.407623159548883951e+00
1.183257492642808772e+00
1.013197834881348625e+00
8.815985134376349563e-01
7.765038097880039292e-01
6.893671302834905035e-01
6.184669601981068743e-01
5.559107815898163274e-01
4.978827100083864643e-01
4.424434774122710801e-01
3.915200190270474168e-01
3.418209097577950550e-01
2.935897511447772001e-01
2.485974688163363755e-01
2.045277121591375646e-01
1.655044821414849709e-01
1.295250854755765624e-01
9.697389660475166928e-02
6.652227127229137782e-02
5.233706974421497432e-02
3.830310313309047421e-02
