1.643271707957138688e+02
1.424894582212878049e+02
1.329930373811419031e+02
1.286488711712966051e+02
1.230767921041618820e+02
1.236980543546586659e+02
1.328679959412367566e+02
1.345957042125977523e+02
1.218268425209031989e+02
1.151993811586962124e+02
1.164874834235594108e+02
1.113792423129912095e+02
1.131342856044918221e+02
1.049870888422922235e+02
9.916264882235944356e+01
9.048054850306689900e+01
8.244632011517306580e+01
7.499595041420278108e+01
6.650613993593968587e+01
5.873412037759536020e+01
5.063233347525012107e+01
4.423445465812176280e+01
3.752414654250334536e+01
3.149289209158646230e+01
2.562029343910572976e+01
2.029273422628752854e+01
1.547670291487305150e+01
1.160902143548895893e+01
8.533083245189315491e+00
6.388873540360724412e+00
4.849472446604586651e+00
3.726160255866179050e+00
2.918428195224828325e+00
2.335855382590795948e+00
1.914736677133340503e+00
1.596258884745275664e+00
1.353716267462837131e+00
1.157133849120399516e+00
9.863167721245289510e-01
8.398779230393391693e-01
7.231801884584212470e-01
6.054439669162013926e-01
4.995011593312572162e-01
4.068244906608385891e-01
3.284653395454644187e-01
2.514523330384128563e-01
1.843719253377035516e-01
1.283956732189728278e-01
1.134926956167192080e-01
8.276087013335871323e-02
