3.351041696928493820e+02
3.075521423968120871e+02
2.875422354638781144e+02
2.701641680974712472e+02
2.735588013810892107e+02
2.626491693225628978e+02
2.496546582492482003e+02
2.499172947265002449e+02
2.370592170653742414e+02
2.225497208604817274e+02
2.095929585977871739e+02
1.937430906393442456e+02
1.732438195004610009e+02
1.553953506503234792e+02
1.357846687995414356e+02
1.175327750859255218e+02
1.003252588535389407e+02
8.441704223909006544e+01
7.032267847964084240e+01
5.806642331643966770e+01
4.743840737693139431e+01
3.835695680022976717e+01
3.062264877114436246e+01
2.408810743259377318e+01
1.867468518971552527e+01
1.421241849932866685e+01
1.063164155583777237e+01
7.858554004750176958e+00
5.815663701876323977e+00
4.383885417304655974e+00
3.388647545968563435e+00
2.683924664234072388e+00
2.182491625341063557e+00
1.810795349680034416e+00
1.524171861375901216e+00
1.300733504342127533e+00
1.119754089210766468e+00
9.709344538424087290e-01
8.511220114053583696e-01
7.399265589980925650e-01
6.415920379497760395e-01
5.474021897326943886e-01
4.607290189080442966e-01
3.823014415850816139e-01
3.098383056960383186e-01
2.396336184098000754e-01
1.806976799149927482e-01
1.256545692523535207e-01
9.943606589834601273e-02
6.945658852999268829e-02
