2.279593907253527050e+02
1.983688036933751846e+02
1.834169328403165764e+02
1.637711440603092115e+02
1.446170898961141802e+02
1.457927308844758727e+02
1.503595312300287787e+02
1.449854456830055369e+02
1.454004240015639198e+02
1.431408704858554302e+02
1.371866019128315770e+02
1.363578433053345975e+02
1.324722127639319069e+02
1.255823685896808684e+02
1.215713128185671508e+02
1.133169423232347413e+02
1.034532144402298002e+02
9.503744827349328261e+01
8.513094569785047838e+01
7.679467119995848634e+01
6.762638756470707335e+01
5.936054701789810650e+01
5.145152632388749936e+01
4.409849132446974096e+01
3.659993725513141527e+01
2.978666290372238024e+01
2.343373186139098863e+01
1.782868719102128807e+01
1.316218645397258413e+01
9.718678344408441916e+00
7.263851829500236335e+00
5.477992248670793707e+00
4.212046337209032210e+00
3.309313325780952386e+00
2.638863420859743236e+00
2.141679333255271267e+00
1.772929696337144589e+00
1.487730819373868307e+00
1.250793793625422534e+00
1.036859257549049396e+00
8.706298477524593293e-01
7.424719407312262431e-01
6.238336048937682676e-01
5.043773122380390550e-01
4.016089921560831444e-01
3.065022096798970530e-01
2.285882598312136416e-01
1.487389337031681524e-01
1.208625332498323990e-01
7.935801164781212946e-02
