3.031509224975375218e+02
2.705807604735223322e+02
2.507412200360829502e+02
2.331993445100072222e+02
2.150671271645064735e+02
2.129632205535176581e+02
2.238233830179783581e+02
2.257561031192497012e+02
2.208564231101549922e+02
2.212419181833516859e+02
2.187298812469457516e+02
2.143544205524078166e+02
2.077290590516770976e+02
1.907736479749809178e+02
1.750556639898472326e+02
1.579018565054139742e+02
1.420598923982767872e+02
1.256234304427011068e+02
1.091584942046528397e+02
9.395600871633905626e+01
8.058726214012405364e+01
6.825804574038335204e+01
5.728593239512795066e+01
4.743102809993743563e+01
3.855705924595501699e+01
3.086255719041199796e+01
2.407847497271198733e+01
1.842072666712870443e+01
1.372481263919007333e+01
1.010744673477225675e+01
7.492689677202620580e+00
5.654061328686122323e+00
4.339774878595678231e+00
3.416557404144785259e+00
2.738614119846154438e+00
2.235972488971986749e+00
1.856182605565320110e+00
1.544916856790805593e+00
1.311679731449995501e+00
1.115898348656120032e+00
9.482229686651627576e-01
7.927427958088266724e-01
6.545489250904920064e-01
5.367486919291055703e-01
4.256573791796859352e-01
3.325753245235196776e-01
2.460741881998538827e-01
1.651822734918059477e-01
1.336521164423022656e-01
9.357227103952357739e-02
