2.406431418428688858e+02
2.113521122613351508e+02
1.914822198444727519e+02
1.723615317218689142e+02
1.540207358573031797e+02
1.485708462455828567e+02
1.538383458622857916e+02
1.518189697498575015e+02
1.430091553339152028e+02
1.377672845983379375e+02
1.304592263076872882e+02
1.238320034724641232e+02
1.136298010947845682e+02
1.023058482506962292e+02
8.984869939141049144e+01
7.798687556149945976e+01
6.679272168363678475e+01
5.646217668036658210e+01
4.747489271451443216e+01
3.939183030526337603e+01
3.240485662741646422e+01
2.638203942931580315e+01
2.114903668544563686e+01
1.667167077454647739e+01
1.294020721566976562e+01
9.837231603388548962e+00
7.337710272655336929e+00
5.456632420417282248e+00
4.111560019664420196e+00
3.160873325320542104e+00
2.496831738944748746e+00
2.016135220953165330e+00
1.660428759833979750e+00
1.394461445733239380e+00
1.194927187191850759e+00
1.033584586442831244e+00
8.967740928350180774e-01
7.856366666329822612e-01
6.905122503029161862e-01
6.056917843007443292e-01
5.279197053444435461e-01
4.486596244898433672e-01
3.780201523546854459e-01
3.113996499991414368e-01
2.509089940644971817e-01
1.958049931645299280e-01
1.471622690765069796e-01
1.031588162048650836e-01
7.993002533432112811e-02
5.572814595366961526e-02
