2.035542052758208911e+02
1.730023421300322752e+02
1.564460878140234854e+02
1.488542983574274103e+02
1.298478477229738246e+02
1.209900669729363472e+02
1.322627032755168557e+02
1.377811552428830737e+02
1.298598286036634022e+02
1.278564897990801796e+02
1.291196546453886072e+02
1.241918633701499743e+02
1.174463024231044983e+02
1.082618170979958165e+02
9.791915462105978918e+01
8.780371209486291662e+01
7.698894835484740895e+01
6.721684506556781002e+01
5.766179560011204330e+01
4.916168212695737338e+01
4.146941251225948832e+01
3.474470560141015341e+01
2.855782045001709335e+01
2.314399070869209396e+01
1.838962051614388926e+01
1.428438797951317163e+01
1.079937664640902284e+01
8.032646661924367493e+00
5.954148271507881951e+00
4.495607241479962823e+00
3.467117682122955902e+00
2.737039108608845250e+00
2.200108815766058434e+00
1.811807909387796567e+00
1.515847104322938010e+00
1.286530651568744910e+00
1.095377811865589690e+00
9.422444834427978755e-01
8.134672752535718754e-01
7.000846350218368208e-01
6.047019879622452798e-01
5.180315325026871864e-01
4.332343654921994025e-01
3.579824903646902090e-01
2.877809387176524236e-01
2.261528661630146653e-01
1.681117669633916956e-01
1.143238778468473327e-01
9.258162943018317936e-02
6.466897027584685154e-02
