1.862797129043115660e+02
1.546692925160489267e+02
1.340651446972879057e+02
1.211301167175309956e+02
1.045028131071055668e+02
9.569746542070890882e+01
1.006808082861755338e+02
1.018342577181502406e+02
9.435783354924913624e+01
9.199417227043164758e+01
8.976567243407626506e+01
8.542440042505171505e+01
7.839226071382988437e+01
7.055220506531527747e+01
6.249086125787259505e+01
5.456731051035781377e+01
4.677742290934580893e+01
3.968474338383528988e+01
3.335026692031189555e+01
2.776756102514483970e+01
2.284608031634048331e+01
1.861497386205823190e+01
1.489647135413365042e+01
1.169464002649120715e+01
8.990408735770179405e+00
6.772359105251681832e+00
5.057325736427051410e+00
3.814564010168788322e+00
2.931367326774668935e+00
2.307261408016312298e+00
1.856811320467422810e+00
1.528760654090790982e+00
1.286380782607019491e+00
1.096734005834598236e+00
9.471753864183263261e-01
8.285528151179204492e-01
7.296847665075829603e-01
6.411338575025695707e-01
5.653182330909523046e-01
4.964467769636906058e-01
4.313236401113181850e-01
3.695646401704302253e-01
3.117024460554422283e-01
2.562038711384904133e-01
2.079170071575325018e-01
1.638859404965097855e-01
1.232290865807301461e-01
8.722162965506836951e-02
6.853589372665616630e-02
4.757010553633386762e-02
