1.050246193388969118e+02
8.756373201920979454e+01
7.717440828537081643e+01
6.996019608667720036e+01
6.298578837305356615e+01
6.025201080172004708e+01
6.054616783974924488e+01
5.826095679769807134e+01
5.442488577818326689e+01
5.236805146415302659e+01
4.998789087349271654e+01
4.613702933595563138e+01
4.371970305364191489e+01
3.928084719802018299e+01
3.517153061187046603e+01
3.076897884812638750e+01
2.650904095469761401e+01
2.258340385644051906e+01
1.898631276191509443e+01
1.580399414306826422e+01
1.298671037693571328e+01
1.043949046013573856e+01
8.192201363168955197e+00
6.290953010797646350e+00
4.729884952650991181e+00
3.563853395458355333e+00
2.709354700269139826e+00
2.118239037480427189e+00
1.693279755213240811e+00
1.383121226514337554e+00
1.150575468580211647e+00
9.802139634133117951e-01
8.439530037155835718e-01
7.377746562346410020e-01
6.508392548333650218e-01
5.795430878002250097e-01
5.174242577543360921e-01
4.611151952725666137e-01
4.098516148162602013e-01
3.611884471835213883e-01
3.150329074587320255e-01
2.710742540640163067e-01
2.298862521710153262e-01
1.873766757489976620e-01
1.491254998730527082e-01
1.152895960068370390e-01
8.194514229754211454e-02
5.640946082457166944e-02
4.360411588030542462e-02
3.013871122412531411e-02
