1.549628591781062141e+02
1.308625019108712877e+02
1.167032353117251660e+02
1.070079395381884524e+02
1.003670430638219955e+02
1.028520623511155918e+02
1.077523184301675769e+02
1.073335074978001558e+02
1.044579347100436166e+02
1.012142204775516916e+02
9.840377047813274203e+01
9.367528229259130512e+01
9.375928268639015073e+01
8.639373671152353040e+01
8.224703244174942540e+01
7.328026156119824464e+01
6.647143310304780073e+01
5.826158031108545288e+01
5.138690063766503613e+01
4.448369846165046226e+01
3.848159997751920969e+01
3.272259434880474771e+01
2.767918190411797497e+01
2.281429432741647645e+01
1.826668239833008300e+01
1.414479928701667077e+01
1.067248370715846484e+01
7.888203615799270985e+00
5.860229609255436678e+00
4.422907559189202864e+00
3.409447410950551927e+00
2.690709792242778065e+00
2.163578843133748375e+00
1.766162682725856747e+00
1.474333574467567853e+00
1.245243964567804174e+00
1.068265036022925552e+00
9.218337179802472692e-01
7.976321078229356987e-01
6.910480291995700908e-01
5.943767364118028862e-01
5.056703288935471274e-01
4.218712685690515496e-01
3.495298318725912901e-01
2.790243802453678534e-01
2.169559416128176987e-01
1.552918078191507789e-01
1.029208115259760414e-01
8.340520201633262742e-02
5.853490357191976773e-02
