1.906439744231524855e+02
1.612845975219303227e+02
1.431978313204382403e+02
1.320272701825313675e+02
1.142559166387944742e+02
1.072966471307036613e+02
1.164501209825926935e+02
1.187338462283526610e+02
1.112494847345465701e+02
1.107683026044928454e+02
1.098796774566081922e+02
1.045751873256178044e+02
9.813703961805825315e+01
8.906054342687706082e+01
7.961825183297973751e+01
6.991361497384757229e+01
6.037855364374851064e+01
5.214777851817338927e+01
4.409970248666373749e+01
3.713463069624748414e+01
3.099347132511518765e+01
2.559062814502021155e+01
2.079154759713761180e+01
1.656977845841860741e+01
1.292801616442026003e+01
9.883789162008291385e+00
7.382140193610699619e+00
5.499475129553284880e+00
4.145031621660452359e+00
3.195756015696061603e+00
2.515176865023719621e+00
2.026994952426369512e+00
1.665555161757994007e+00
1.393361240837757142e+00
1.182735444445169870e+00
1.016619549744235407e+00
8.799391892420296291e-01
7.689010015634122341e-01
6.733662722500686204e-01
5.856446897836919963e-01
5.097528550943177805e-01
4.364240046067865419e-01
3.644423242551046438e-01
3.014783023257476269e-01
2.451906803488316522e-01
1.896010026218715172e-01
1.422611306262612785e-01
9.887240932386077985e-02
7.880159403267129881e-02
5.607073496981820199e-02
