3.279339018582918470e+02
2.962240827116174842e+02
2.724998981695148359e+02
2.503856483450214228e+02
2.457844633849661022e+02
2.307852697383598297e+02
2.157546132963976788e+02
2.129303100248394571e+02
2.003853118220876013e+02
1.869144314070342148e+02
1.736631712687533593e+02
1.587178599719335352e+02
1.412318247415927601e+02
1.247187890253027263e+02
1.075154591083205844e+02
9.172775971505664927e+01
7.695958628305649540e+01
6.391035576064514601e+01
5.258853838606346187e+01
4.297031714368074518e+01
3.469671688145598409e+01
2.770897647906995687e+01
2.180435377441129674e+01
1.691752252721157390e+01
1.289714289278116333e+01
9.710853820720988239e+00
7.209194973356228608e+00
5.353417166003257677e+00
4.030350997819374115e+00
3.099303180743573805e+00
2.454732454611633585e+00
1.994526291503148752e+00
1.659360157324289542e+00
1.404481167286484755e+00
1.207670145248006754e+00
1.047790847374998391e+00
9.162054264983094942e-01
8.032289796125824388e-01
7.079977408519643189e-01
6.219641650861621462e-01
5.417516402862312397e-01
4.651963351509932898e-01
3.935404954453164961e-01
3.279514349045372090e-01
2.675720839814627605e-01
2.124026486264571911e-01
1.597791381632085173e-01
1.112324759356578957e-01
8.650385504951493831e-02
6.191168175230538084e-02
