1.212597531911921465e+02
1.030290176763102181e+02
9.263735920657700262e+01
8.484159873330906976e+01
7.711534988607337482e+01
7.600332665534847365e+01
7.918124602202320261e+01
7.844676129730433445e+01
7.473853945541034705e+01
7.227935320716252932e+01
6.951715089716907414e+01
6.478045652465880266e+01
6.303915332310720032e+01
5.735666117919359408e+01
5.245788907849789950e+01
4.672171457307635478e+01
4.116217395614881980e+01
3.580757846593642313e+01
3.064594714784507090e+01
2.611521674229031831e+01
2.199348306393832075e+01
1.819722419542257086e+01
1.477252940274985171e+01
1.169443959991979654e+01
8.999878557201274276e+00
6.758235381403411957e+00
5.034775116092461644e+00
3.796460549898255987e+00
2.922261258730406208e+00
2.299226458154982833e+00
1.842995213342297323e+00
1.512755202264292276e+00
1.266042838404019655e+00
1.072031974744232175e+00
9.195533955327761522e-01
7.989284116234158795e-01
6.984410559770641846e-01
6.123921071115621118e-01
5.381703439864170546e-01
4.683830778518329185e-01
4.069591473739171406e-01
3.478472541878689928e-01
2.945972190951614555e-01
2.431199451978341419e-01
1.960216948358227684e-01
1.507162248105657909e-01
1.126163715042601127e-01
7.984380936387910910e-02
6.396638672794063840e-02
4.479676368913967227e-02
