3.741247347621724657e+02
3.392328054984332084e+02
3.170161430686123367e+02
2.916173213473032320e+02
2.653477608379826052e+02
2.595779342792245643e+02
2.734310604431009324e+02
2.781472827734614839e+02
2.778396806285028333e+02
2.855686591145885131e+02
2.793618158931736843e+02
2.778986662648868560e+02
2.714192797286949599e+02
2.568666937949666931e+02
2.399105567086987207e+02
2.173666195775776941e+02
2.000853024807311726e+02
1.791321085454168269e+02
1.596148564895073321e+02
1.410395826274259719e+02
1.230293616650204598e+02
1.067607288727005965e+02
9.182394836247473791e+01
7.800674350891233644e+01
6.516637519842382176e+01
5.356581917467629950e+01
4.322239815916223904e+01
3.403182684170280936e+01
2.611522045821330096e+01
1.947930957576674871e+01
1.429407383303033185e+01
1.048431628764517498e+01
7.826800498679383544e+00
5.936131002236172627e+00
4.607027739466097671e+00
3.645909000104240238e+00
2.923028784607943020e+00
2.384290723216182073e+00
1.967008015978698454e+00
1.631648036278996017e+00
1.375901610015214604e+00
1.149955487159858514e+00
9.469959787019075481e-01
7.809939367774496599e-01
6.248880942905707947e-01
4.808516725464977437e-01
3.539734299254883032e-01
2.501054737977422837e-01
2.087711417096607680e-01
1.421237273591374473e-01
