1.000000000000000021e-02 1.212053598190000053e-02 0.000000000000000000e+00 -1.000000000000000000e+00 0.000000000000000000e+00 0.000000000000000000e+00
1.212053598190000053e-02 1.469073924900000071e-02 0.000000000000000000e+00 -1.000000000000000000e+00 0.000000000000000000e+00 0.000000000000000000e+00
1.469073924900000071e-02 1.780596336680000114e-02 0.000000000000000000e+00 -1.000000000000000000e+00 0.000000000000000000e+00 0.000000000000000000e+00
1.780596336680000114e-02 2.158178196810000074e-02 0.000000000000000000e+00 -1.000000000000000000e+00 0.000000000000000000e+00 0.000000000000000000e+00
2.158178196810000074e-02 2.615827648980000031e-02 0.000000000000000000e+00 -1.000000000000000000e+00 0.000000000000000000e+00 0.000000000000000000e+00
2.615827648980000031e-02 3.170523314209999777e-02 0.000000000000000000e+00 -1.000000000000000000e+00 0.000000000000000000e+00 0.000000000000000000e+00
3.170523314209999777e-02 3.842844191139999782e-02 0.000000000000000000e+00 -1.000000000000000000e+00 0.000000000000000000e+00 0.000000000000000000e+00
3.842844191139999782e-02 4.657733129169999708e-02 0.000000000000000000e+00 -1.000000000000000000e+00 0.000000000000000000e+00 0.000000000000000000e+00
4.657733129169999708e-02 5.645422198640000222e-02 0.000000000000000000e+00 -1.000000000000000000e+00 0.000000000000000000e+00 0.000000000000000000e+00
5.645422198640000222e-02 6.842554289190000416e-02 0.000000000000000000e+00 -1.000000000000000000e+00 0.000000000000000000e+00 0.000000000000000000e+00
6.842554289190000416e-02 8.293542547049999325e-02 0.000000000000000000e+00 -1.000000000000000000e+00 0.000000000000000000e+00 0.000000000000000000e+00
8.293542547049999325e-02 1.005221808589999988e-01 0.000000000000000000e+00 -1.000000000000000000e+00 0.000000000000000000e+00 0.000000000000000000e+00
1.005221808589999988e-01 1.218382710089999932e-01 0.000000000000000000e+00 -1.000000000000000000e+00 0.000000000000000000e+00 0.000000000000000000e+00
1.218382710089999932e-01 1.476745147740000097e-01 0.000000000000000000e+00 -1.000000000000000000e+00 0.000000000000000000e+00 0.000000000000000000e+00
1.476745147740000097e-01 1.789894269929999948e-01 0.000000000000000000e+00 -1.000000000000000000e+00 0.000000000000000000e+00 0.000000000000000000e+00
1.789894269929999948e-01 2.169447790260000120e-01 0.000000000000000000e+00 -1.000000000000000000e+00 0.000000000000000000e+00 0.000000000000000000e+00
2.169447790260000120e-01 2.629487000280000264e-01 0.000000000000000000e+00 6.404291895779362420e+00 4.000000000000000000e+00 0.000000000000000000e+00
2.629487000280000264e-01 3.187079180090000019e-01 0.000000000000000000e+00 3.158321424860630167e+00 4.000000000000000000e+00 0.000000000000000000e+00
3.187079180090000019e-01 3.862910787959999981e-01 0.000000000000000000e+00 1.676766202300961073e-01 2.000000000000000000e+00 0.000000000000000000e+00
3.862910787959999981e-01 4.682054920050000013e-01 0.000000000000000000e+00 3.115568039503167075e-01 4.000000000000000000e+00 0.000000000000000000e+00
4.682054920050000013e-01 5.674901512779999546e-01 0.000000000000000000e+00 -2.634171053005207597e-01 4.000000000000000000e+00 0.000000000000000000e+00
5.674901512779999546e-01 6.878284797970000142e-01 0.000000000000000000e+00 9.134964645333157662e+00 9.800000000000000000e+01 0.000000000000000000e+00
6.878284797970000142e-01 8.336849838780000521e-01 0.000000000000000000e+00 3.826244877164852909e+01 6.760000000000000000e+02 0.000000000000000000e+00
8.336849838780000521e-01 1.010470884470000108e+00 0.000000000000000000e+00 2.607343140523956393e+01 8.300000000000000000e+02 0.000000000000000000e+00
1.010470884470000108e+00 1.224744871389999989e+00 0.000000000000000000e+00 1.823486022750584823e+01 1.050000000000000000e+03 0.000000000000000000e+00
1.224744871389999989e+00 1.484456428239999903e+00 0.000000000000000000e+00 1.315639571731427537e+01 1.376000000000000000e+03 0.000000000000000000e+00
1.484456428239999903e+00 1.799240755210000042e+00 0.000000000000000000e+00 9.746863403107072443e+00 1.860000000000000000e+03 0.000000000000000000e+00
1.799240755210000042e+00 2.180776231369999874e+00 0.000000000000000000e+00 7.644453243118743302e+00 2.664000000000000000e+03 0.000000000000000000e+00
2.180776231369999874e+00 2.643217678090000078e+00 0.000000000000000000e+00 5.596998784822169171e+00 3.620000000000000000e+03 0.000000000000000000e+00
2.643217678090000078e+00 3.203721497540000129e+00 0.000000000000000000e+00 4.090707438096996107e+00 4.974000000000000000e+03 0.000000000000000000e+00
3.203721497540000129e+00 3.883082168700000114e+00 0.000000000000000000e+00 3.126970140816031751e+00 7.180000000000000000e+03 0.000000000000000000e+00
3.883082168700000114e+00 4.706503714660000171e+00 0.000000000000000000e+00 2.359117755248913539e+00 1.040600000000000000e+04 0.000000000000000000e+00
4.706503714660000171e+00 5.704534762259999781e+00 0.000000000000000000e+00 1.753445722557855913e+00 1.518800000000000000e+04 0.000000000000000000e+00
5.704534762259999781e+00 6.914201884619999738e+00 0.000000000000000000e+00 1.257842630704316012e+00 2.217600000000000000e+04 0.000000000000000000e+00
6.914201884619999738e+00 8.380383272899999625e+00 0.000000000000000000e+00 9.107305284617936980e-01 3.341600000000000000e+04 0.000000000000000000e+00
8.380383272899999625e+00 1.015747370020000062e+01 0.000000000000000000e+00 6.581816197685750325e-01 5.163600000000000000e+04 0.000000000000000000e+00
1.015747370020000062e+01 1.231140254680000012e+01 0.000000000000000000e+00 4.659858624671899818e-01 8.128600000000000000e+04 0.000000000000000000e+00
1.231140254680000012e+01 1.492207975570000045e+01 0.000000000000000000e+00 3.276744959343373953e-01 1.310820000000000000e+05 0.000000000000000000e+00
1.492207975570000045e+01 1.808636046049999990e+01 0.000000000000000000e+00 2.228837583008074219e-01 2.149820000000000000e+05 0.000000000000000000e+00
1.808636046049999990e+01 2.192163827430000111e+01 0.000000000000000000e+00 1.465576627307683122e-01 3.589040000000000000e+05 0.000000000000000000e+00
2.192163827430000111e+01 2.657020054870000081e+01 0.000000000000000000e+00 9.450092940401000341e-02 6.100480000000000000e+05 0.000000000000000000e+00
2.657020054870000081e+01 3.220450717979999666e+01 0.000000000000000000e+00 5.887308888341391544e-02 1.050890000000000000e+06 0.000000000000000000e+00
3.220450717979999666e+01 3.903358880529999908e+01 0.000000000000000000e+00 3.366168671021241288e-02 1.826658000000000000e+06 0.000000000000000000e+00
3.903358880529999908e+01 4.731080176190000230e+01 0.000000000000000000e+00 1.991787808314282593e-02 3.209294000000000000e+06 0.000000000000000000e+00
4.731080176190000230e+01 5.734322750900000187e+01 0.000000000000000000e+00 1.046357452567181490e-02 5.661486000000000000e+06 0.000000000000000000e+00
5.734322750900000187e+01 6.950306523429999572e+01 0.000000000000000000e+00 4.018060626686414949e-03 1.001651800000000000e+07 0.000000000000000000e+00
6.950306523429999572e+01 8.424144030280000095e+01 0.000000000000000000e+00 6.820291894815699862e-04 1.777611400000000000e+07 0.000000000000000000e+00
8.424144030280000095e+01 1.021051408360000039e+02 0.000000000000000000e+00 1.170624886757787309e-03 3.166753800000000000e+07 0.000000000000000000e+00
1.021051408360000039e+02 1.237569033439999941e+02 0.000000000000000000e+00 7.808220291987133521e-04 5.636514800000000000e+07 0.000000000000000000e+00
1.237569033439999941e+02 1.500000000000000000e+02 0.000000000000000000e+00 -9.356418860380077973e-04 1.001914400000000000e+08 0.000000000000000000e+00
