1.020772073573987291e+05
5.722569957914778206e+04
7.610229075306067534e+04
7.390019438895012718e+04
4.985734317687762814e+04
5.473386027314687090e+04
4.772578437286592089e+04
3.362337816005983768e+04
2.605741640381555408e+04
1.979464299666053921e+04
1.459076672076100658e+04
1.039712582686615860e+04
7.190764651364725978e+03
4.808394416211241150e+03
3.293138335895720502e+03
2.272784817414448753e+03
1.500501741738520423e+03
1.005999298226972201e+03
6.587545580973164761e+02
4.289897557033204976e+02
2.708297867171502844e+02
1.691767110282430053e+02
1.012276268445911853e+02
5.846728140152091413e+01
3.342231465781564026e+01
1.854454373470609951e+01
1.072286817196081543e+01
7.024011082353146307e+00
5.156661704968675153e+00
3.874030498104272802e+00
2.965601332503538412e+00
2.211699317816852695e+00
1.643812092509151279e+00
1.198719455604573270e+00
8.786051628155711057e-01
6.336921622048664604e-01
4.579643034422813397e-01
3.241457950692067103e-01
2.234211120867187761e-01
1.516260571154385839e-01
9.961762791233672032e-02
6.238669060461020377e-02
3.839625799726339994e-02
2.204023488449768226e-02
1.175718050472465519e-02
5.343989779393096447e-03
1.613843642050157403e-03
2.136851289742002034e-03
8.964173437695366472e-04
-6.387989348793662956e-04
