1.726168257222739921e+05
3.356408416821994615e+04
4.174453955375254009e+04
5.945732052656104497e+04
4.816248347312829719e+04
4.512891358752261294e+04
3.925865871461440111e+04
2.538096079959918643e+04
1.824990918410573431e+04
1.709271132899696750e+04
1.242814100042678729e+04
1.032113946958556517e+04
7.129249600470117912e+03
5.241075782938090015e+03
3.750119469015859977e+03
2.675789493360698543e+03
1.943173523700663736e+03
1.323196022267892431e+03
9.177761456078036417e+02
6.073314065667324257e+02
4.213485866652607115e+02
2.675928829806755971e+02
1.666803898216498112e+02
9.718780645526328499e+01
5.406845392858095067e+01
2.809930389282419227e+01
1.558394677240832316e+01
8.995770528051123094e+00
6.369522291800760350e+00
4.677604215516470987e+00
3.350539688355321122e+00
2.473922024915086393e+00
1.842769359431134069e+00
1.375286005091256314e+00
1.007422050967675009e+00
7.320965173055545838e-01
5.206351795187971199e-01
3.594375534238871683e-01
2.445059781616972239e-01
1.690499494434997696e-01
1.060846850156999532e-01
6.524998130675305208e-02
3.957177536141696927e-02
2.356091160110163410e-02
1.138016679690173963e-02
5.457132673539813288e-03
2.248270558052456371e-03
3.791256930421769804e-03
1.473548621536359144e-03
-6.442420655972535973e-04
