2.142203269183321390e+04
2.451855888276510814e+04
2.119889247034096115e+04
3.152171795553550692e+04
1.987944825677296831e+04
2.155748720206154758e+04
2.235114075758257604e+04
1.408727433525200831e+04
1.094466446899846051e+04
8.947559365848881498e+03
6.385511643048870610e+03
4.302000874295542417e+03
2.876504315285503253e+03
1.928983532201052185e+03
1.299297737183114350e+03
8.574053858549158349e+02
5.559589940719883998e+02
3.592431322802430032e+02
2.287828192860731065e+02
1.422310508149032842e+02
8.686676331957926323e+01
5.133440606681102736e+01
2.963840550128368889e+01
1.726181171328947883e+01
1.068306174978559220e+01
7.443175539323029000e+00
5.564108806488273551e+00
4.252590829314767618e+00
3.213324573083744973e+00
2.437606178906591481e+00
1.845139927052140694e+00
1.372482501675432731e+00
1.023301382812664473e+00
7.601142543827786868e-01
5.563202374815842122e-01
4.064082089513899598e-01
2.909513169450214098e-01
2.057039498922132725e-01
1.418685201138880914e-01
9.552912978255018173e-02
6.164290706715262053e-02
3.854917878436295992e-02
2.287146598495807051e-02
1.249374812889450861e-02
6.289600851156772025e-03
2.670978538541080721e-03
8.744219297223778699e-04
1.238994597708786751e-03
3.986647492800507822e-04
-7.066963483892172533e-04
