4.979012258064516354e+05
1.867130221774193633e+05
1.171538178368121444e+05
1.244755314516129001e+05
4.425776451612903475e+04
8.054297770398482680e+04
5.834789755544355285e+04
5.053913006306088209e+04
3.721698152492669033e+04
2.395410536525884163e+04
2.078480880313536181e+04
1.929421153426053934e+04
1.252141765982284778e+04
9.509973143479215651e+03
6.388324436863493247e+03
4.700619322150287189e+03
4.071501516924371117e+03
2.619236102402130655e+03
1.962588933337689923e+03
1.332315927414976613e+03
8.823701034105176859e+02
6.635802731527246578e+02
4.169614438467624495e+02
2.866685374996490054e+02
1.827985994086986636e+02
1.030639962035048001e+02
5.419085094063536445e+01
2.764869869874701536e+01
1.313968268270058459e+01
8.244744421448126914e+00
5.708127681389053798e+00
4.344003049903983893e+00
3.204384212273500232e+00
2.523463466249757037e+00
1.737467441218672137e+00
1.172854438499493224e+00
8.621906939525135760e-01
5.836273119021873068e-01
3.968247462889820665e-01
2.713119316543117776e-01
1.984984420698086283e-01
1.306412578930848389e-01
8.616243429618027083e-02
4.863101596561045931e-02
2.363620374102632857e-02
8.393803038197244007e-03
6.177698564120518224e-03
6.758389747984986512e-03
6.794539488774744250e-04
-5.893310902585005562e-04
