4.321781991383312561e+04
4.072412750622192107e+04
3.989341618419801671e+04
5.951035218103165244e+04
3.643265398789304163e+04
4.017649683845413529e+04
4.141645836981239700e+04
2.768542560231102470e+04
2.098517376967428572e+04
1.784155962503889168e+04
1.294513461724270746e+04
9.238315680587507813e+03
6.535179639525786115e+03
4.530326242603687206e+03
3.184445431685751828e+03
2.154497541352568987e+03
1.479886529140428593e+03
9.884830025515936995e+02
6.604600659894338150e+02
4.341192546227145499e+02
2.819216838928850279e+02
1.745045493306076594e+02
1.057516782029341584e+02
6.186434268971479611e+01
3.475869018687079404e+01
1.890536556568973836e+01
1.088313094692763272e+01
7.024897570404548652e+00
5.177140472536528648e+00
3.909911562160419241e+00
2.940290604352110204e+00
2.174663990823184623e+00
1.623035588195131051e+00
1.191483045537785390e+00
8.673272267465225172e-01
6.176674562966075754e-01
4.418372314722087690e-01
3.124220862570169510e-01
2.150595320045078640e-01
1.474578919407555921e-01
9.757316683947613034e-02
6.011457639152333748e-02
3.657802332189205585e-02
2.061920676048953349e-02
1.079328055159133049e-02
4.824338648001781638e-03
1.072196271738861751e-03
1.996116011988765052e-03
8.004781108878093266e-04
-6.928070747794050355e-04
