1.265158934426229389e+05
9.776298584202681377e+04
1.415775831381733005e+05
1.212450645491803298e+05
9.176337795992713654e+04
9.488730133196720271e+04
8.587237936564504344e+04
6.416189953161592712e+04
5.421538895548499568e+04
4.090647715500435879e+04
3.174585214396326046e+04
2.432461766821720448e+04
1.742501621477668232e+04
1.270024965587702536e+04
8.878147247736796999e+03
6.588760823451252691e+03
4.615699716302561683e+03
3.231824606068062621e+03
2.267160046006573339e+03
1.548541375891398729e+03
1.057899561194356011e+03
7.098190218450149587e+02
4.628306546421471239e+02
2.918243545295426884e+02
1.789639667631910243e+02
1.060695048096092989e+02
5.949502149653287830e+01
3.197672812788755436e+01
1.661299124296073515e+01
9.239433491125899067e+00
5.946851675011290972e+00
4.365207781116051677e+00
3.210140075433899565e+00
2.378833405037807935e+00
1.742613747893345666e+00
1.242164798705625683e+00
8.897515165595594189e-01
6.298102478824993966e-01
4.343522547990525950e-01
3.033054744923406321e-01
1.992049374129994388e-01
1.234841313622887793e-01
7.772067073991122121e-02
4.362598328240701456e-02
2.135301404070263226e-02
9.994107720437843401e-03
3.872922668888360495e-03
5.456627018963028548e-03
1.130568571335801567e-03
-5.182188018881313946e-04
