4.992886506849836587e+04
6.764496674969860760e+04
5.261318193085974781e+04
8.408628821348171914e+04
4.823895318886802124e+04
5.796239610798837384e+04
5.690744605350291386e+04
3.882440297126302175e+04
3.094001921338260581e+04
2.703869389616263288e+04
2.078284599767435429e+04
1.511936107647745303e+04
1.068174155870917639e+04
7.766134281155237659e+03
5.507397629907091869e+03
3.970960750577447016e+03
2.731108221961201707e+03
1.921858637185509451e+03
1.316568008380304491e+03
8.855314937032361513e+02
6.050956498347021579e+02
3.944703756619007891e+02
2.501051168250542389e+02
1.531712098036620944e+02
9.115849789137485004e+01
5.130741394765499308e+01
2.740223546698491930e+01
1.454580245470121369e+01
8.454442139805495415e+00
5.829159224220988200e+00
4.307605506781119864e+00
3.189260422741082568e+00
2.359671496654031753e+00
1.720954899140277883e+00
1.249813351969561781e+00
9.099747759354162024e-01
6.494974974315342875e-01
4.563140847675914991e-01
3.139226082180875399e-01
2.125598748490137579e-01
1.377075981433292240e-01
8.766446331866553643e-02
5.202377041343482500e-02
2.884260316484909756e-02
1.465169812555124247e-02
7.032927285630242997e-03
2.036085280149587534e-03
3.477550092928865383e-03
1.468149245567710887e-03
-1.101440314540741297e-03
