5.277836968910970609e+04
3.190549348727843972e+04
4.175881997380108078e+04
4.163309218710042478e+04
2.833579850988605540e+04
2.947948602934460359e+04
2.550589673774061521e+04
1.742380780487550146e+04
1.307662366304957686e+04
9.554517204192126883e+03
6.799818387612034712e+03
4.716321188061619068e+03
3.097597312566792425e+03
1.999969474388494291e+03
1.316214323383471537e+03
8.695983273219545708e+02
5.471468894703760952e+02
3.490955298729062974e+02
2.199791937395286254e+02
1.357240512544274509e+02
8.161690593788837589e+01
4.787564978333676891e+01
2.823864778758398231e+01
1.671206280456468107e+01
1.045503879812508963e+01
7.371539976267868610e+00
5.548125790957711523e+00
4.312435775225448076e+00
3.310205682230561219e+00
2.520760728981007670e+00
1.917624650902399752e+00
1.446228596724759674e+00
1.075762328100060339e+00
7.970503077953430271e-01
5.895037653228614172e-01
4.289176145756253278e-01
3.070670045693550954e-01
2.168065291426617969e-01
1.508360308175113740e-01
1.002587516790348493e-01
6.497012014897399212e-02
4.090343473767169002e-02
2.482860821168499099e-02
1.404602667515295576e-02
7.197953241044719765e-03
3.180384179738321090e-03
8.753125790329441486e-04
1.063700407307993862e-03
5.121987346582385992e-04
-4.980033269221356392e-04
