3.581690324359346414e+04
9.572746866923673952e+04
4.775568051526573981e+04
1.107322216947717679e+05
6.329555032228222262e+04
6.902027825059631141e+04
8.476524720031475590e+04
5.614599092974849918e+04
4.138004355328390375e+04
3.369152278484168346e+04
2.773354268634493928e+04
2.066660052355024163e+04
1.535574936273925596e+04
1.107475978827714971e+04
8.089171925183701205e+03
5.878573992021521008e+03
4.191661423778076824e+03
2.975269891421557531e+03
2.061471505332972811e+03
1.461122075125554602e+03
1.013683780141439229e+03
6.767009592619039040e+02
4.496715924572061454e+02
2.921595727598333951e+02
1.768900684778716652e+02
1.032928572296677885e+02
5.869360597250249612e+01
3.007121493346718921e+01
1.516838226633353592e+01
8.800319955856839016e+00
5.967316102928756472e+00
4.325003302985196640e+00
3.212522836132514659e+00
2.300035519894117808e+00
1.645074741858748135e+00
1.207260800837581360e+00
8.324592288716012867e-01
5.949236372002643103e-01
4.174288432515059766e-01
2.808002515430109147e-01
1.878193584731353838e-01
1.211901975262866249e-01
7.363101110974841490e-02
4.369779907301590133e-02
1.912003491835701993e-02
8.505895459535534053e-03
3.557319303105243354e-03
6.294042974586387847e-03
-6.180362188708345996e-05
-9.458940178019922416e-05
