9.469250357657574932e+04
2.101985963014504887e+04
1.762328337353108873e+04
2.522438155617405573e+04
1.979121406169428155e+04
2.002395080701424376e+04
1.613729989784901591e+04
1.212025711234195114e+04
9.438089132162018359e+03
7.101057453099856502e+03
5.120321191886282577e+03
3.911404558511530922e+03
2.650982826138707878e+03
1.872269722837167819e+03
1.249610751723606654e+03
8.395563250165788531e+02
5.658676609929739243e+02
3.713131715825733750e+02
2.397810054583340502e+02
1.518346729602195921e+02
9.293779432823903619e+01
5.338625619483037354e+01
3.016429504804633055e+01
1.689405992203085916e+01
1.032806252906008915e+01
7.202322092078093263e+00
5.313839368265197649e+00
4.064683950283555447e+00
3.057234404334206790e+00
2.290124127430123835e+00
1.718014309023335962e+00
1.282209313636587966e+00
9.527564003523988356e-01
7.030781941457641127e-01
5.183844414263785172e-01
3.765100310248825077e-01
2.700187424641715683e-01
1.897375388572916100e-01
1.313733438975444034e-01
8.859505193963396197e-02
5.725587866507537982e-02
3.569125786953004920e-02
2.146292655240598923e-02
1.242195303327640714e-02
6.556009528739130399e-03
3.184903244542348823e-03
7.955880014002478240e-04
1.419820904067392586e-03
6.768018248360312778e-04
-4.144135352439663137e-04
