2.553329875930521521e+05
3.191618594913151901e+04
6.608682031820173142e+04
6.383347189826302929e+04
4.425776451612904202e+04
5.331976211501970829e+04
4.029491601077854284e+04
3.167697778410045066e+04
2.599771691856531106e+04
1.930367431974964347e+04
1.568606341225853066e+04
1.219997194293364191e+04
8.895775687151111924e+03
6.911444473165577620e+03
4.994615447647054680e+03
3.506344535705906765e+03
2.591089079504082292e+03
1.806752217738213631e+03
1.295379695651066640e+03
8.830968325645521873e+02
6.027293028846296465e+02
4.014285326222002368e+02
2.598937826411553260e+02
1.554280537447970687e+02
9.091240978258802841e+01
4.963433570852098597e+01
2.563334910318348037e+01
1.331334510881715616e+01
8.305305825586353663e+00
5.900723209492077181e+00
4.169420777429071023e+00
3.052937000688981772e+00
2.263925119603275693e+00
1.638398229434986808e+00
1.187074330633806074e+00
8.634679186934093309e-01
6.149905862119410260e-01
4.248898342232572123e-01
2.806534053049305477e-01
1.930899193856478457e-01
1.335572620091406149e-01
8.416837561605373941e-02
4.651903100132150776e-02
2.593149400694979428e-02
1.201329948208069813e-02
5.800430189835082198e-03
1.099600780601087352e-04
2.302964874825802737e-03
3.517765729431065742e-04
-3.161216987681225114e-04
