1.001050819328795769e+05
1.811765154774773328e+04
1.502844796173743634e+04
2.179387096247065710e+04
1.693911594743865135e+04
1.702169315954294143e+04
1.410186188361120912e+04
9.808504973216819053e+03
7.658979058936010006e+03
6.062388624435313432e+03
4.202811111088311009e+03
3.228119165299112865e+03
2.179974731940431866e+03
1.494266152250293544e+03
1.010716116487319027e+03
6.674730746855620964e+02
4.421964788595914797e+02
2.869114369267875873e+02
1.837482170332766032e+02
1.148092048495309569e+02
6.815874161074455628e+01
3.897509704800403796e+01
2.232021604015925575e+01
1.299041763570224006e+01
8.631274886330366769e+00
6.196939684055311481e+00
4.754793769590242469e+00
3.615929966205869928e+00
2.723060767294451345e+00
2.040918588448562776e+00
1.547460686919675865e+00
1.151258632387758496e+00
8.593264096710070410e-01
6.371519243228433993e-01
4.698011762244588829e-01
3.415382293342089648e-01
2.437826739075184823e-01
1.717110807036622833e-01
1.179326417907979735e-01
7.901174439670650973e-02
5.111626548118491237e-02
3.195116341763882400e-02
1.789814494666192371e-02
9.552984787368379305e-03
4.771938802587306384e-03
1.507685450411632832e-03
4.258365100951078293e-04
7.207690885433469270e-04
3.209749325014601301e-04
-4.189258169844875535e-04
