2.583287117492233519e+05
1.607591786330686882e+05
2.157170183163617330e+05
1.935239462159130198e+05
1.802547516600657837e+05
1.243644526354448462e+05
1.111137001495800359e+05
9.114887100863999513e+04
6.681771180699716206e+04
5.265761322263468901e+04
3.941387536705195816e+04
2.877538656296152476e+04
2.150666204436841508e+04
1.510803901791989665e+04
1.096179259081128657e+04
7.526179360788988561e+03
5.260980278860358339e+03
3.616103961146639904e+03
2.442306523502748405e+03
1.666348566798658339e+03
1.107308590177389533e+03
7.264611063185897137e+02
4.643520071981175761e+02
2.898956920747502295e+02
1.748129027010676850e+02
1.023853298961582396e+02
5.737191527618511344e+01
3.116185662300235037e+01
1.653661117252350010e+01
9.277904156004938230e+00
6.106318752942831551e+00
4.351532854944323958e+00
3.167611410640008618e+00
2.384907697451609909e+00
1.753629750035790691e+00
1.256867516907575588e+00
8.994584928856780293e-01
6.503268114133730071e-01
4.477220664575435327e-01
3.053780062420477504e-01
1.988967504921815010e-01
1.244177018186156253e-01
7.810005263210244297e-02
4.239854330556062229e-02
2.126941556025007188e-02
1.039892880253563169e-02
4.120159094157705912e-03
4.488989747709648190e-03
1.565491671004983149e-03
-1.288941145157067184e-03
