3.205698966323627610e+04
3.509309485066722118e+04
3.467231516023648146e+04
4.583364183493996825e+04
2.953220003826461107e+04
3.454701138847114635e+04
3.449731726996808720e+04
2.241086841374216965e+04
1.780352063570778773e+04
1.458428608267977324e+04
1.032627309139413956e+04
7.366820725913134083e+03
5.054267792385368921e+03
3.458613107087532171e+03
2.359933646516481076e+03
1.576296853915269367e+03
1.083772784727715589e+03
7.093159453034475064e+02
4.675192984713586952e+02
3.050383416791297009e+02
1.931081737343639020e+02
1.180019737372925448e+02
6.947406146173931063e+01
3.962833531422132438e+01
2.241798114365754202e+01
1.264457901538709983e+01
8.067710644940872200e+00
5.787233038882279246e+00
4.370742197829080133e+00
3.280604887453004270e+00
2.464074058024463554e+00
1.834279347397878235e+00
1.357848770679817685e+00
9.990156655790206619e-01
7.315565102467226355e-01
5.291762802198838322e-01
3.816442850793017594e-01
2.706645217626865718e-01
1.857501766141065047e-01
1.268142003774263005e-01
8.255370428628397428e-02
5.071415808719055562e-02
3.103452897997716411e-02
1.824073082650738697e-02
8.781368708157585856e-03
4.263677828625900973e-03
1.337146633618738634e-03
1.639391052612698078e-03
7.385502854503400499e-04
-5.400082809527768013e-04
