1.746301940361587040e+05
8.827012618198893324e+04
1.381575833176801971e+05
1.258393774624324869e+05
1.215807036115470546e+05
8.270628568749077385e+04
7.020615138579087215e+04
5.428553732493949065e+04
3.924103286129664048e+04
2.950299810984488431e+04
2.137200593069615934e+04
1.498189331348458472e+04
1.066721271654845987e+04
7.154575133288669349e+03
4.879674702065045494e+03
3.290436469955234770e+03
2.179359118099206171e+03
1.439590406368333106e+03
9.407235258771708004e+02
6.084117859244718147e+02
3.829058523520870949e+02
2.378855107755624942e+02
1.432626815724368328e+02
8.380536165865673581e+01
4.807819476570083594e+01
2.694449473970520970e+01
1.499143542137724694e+01
8.924427878205191789e+00
6.093852938298780941e+00
4.571847256690551475e+00
3.497817158359749712e+00
2.650639939145251756e+00
1.965346887481666416e+00
1.459490050739119082e+00
1.065415912936126031e+00
7.669364918406087472e-01
5.591359060746270426e-01
3.941331504192281954e-01
2.712114723674284300e-01
1.840819048899320354e-01
1.188748165365472731e-01
7.483502335633204772e-02
4.459161437073499296e-02
2.522021567053492688e-02
1.306873140238345651e-02
5.826120864325260405e-03
1.786341257565505483e-03
2.922259904696322599e-03
9.609509555947053821e-04
-8.594171647065948407e-04
