1.354431190189359313e+02
1.154629391116202441e+02
1.057836580213327693e+02
9.897193575620883621e+01
8.707108037323064309e+01
8.483817669832399133e+01
8.901840270120771947e+01
8.862260471677473106e+01
8.820626666986680675e+01
8.653776766988445956e+01
8.295114452197347532e+01
7.897497701578845408e+01
7.671126345115317235e+01
7.133653698913120422e+01
6.574938239640582083e+01
5.908145766095303486e+01
5.269128940133842320e+01
4.621464766248446665e+01
4.003549326941295305e+01
3.443846975321974924e+01
2.918443289458874546e+01
2.466376879667336297e+01
2.038879816805251011e+01
1.648374993540017641e+01
1.290783900014537977e+01
9.813519058441919185e+00
7.300971290825636117e+00
5.435540589356798513e+00
4.092971689452449269e+00
3.139799667651878234e+00
2.472095748698246442e+00
1.990055455249418959e+00
1.625850820629525906e+00
1.353776056084885493e+00
1.145961669976637065e+00
9.811447486333300105e-01
8.490201564337263029e-01
7.342419715677103165e-01
6.404088846182653949e-01
5.571636275260449800e-01
4.832616160367518288e-01
4.146720439016314819e-01
3.473333121653145450e-01
2.847873419856560284e-01
2.284838541364206943e-01
1.817998425677224972e-01
1.380019591396915712e-01
9.549566696265125720e-02
7.675472302107400058e-02
5.232942227091501308e-02
