3.476834182312868506e+02
3.228759105450342304e+02
3.080114855632837134e+02
2.964569172030251138e+02
3.023371338435915732e+02
2.928686420791204910e+02
2.813759487929177112e+02
2.831967534968136988e+02
2.729187149942018777e+02
2.604710921484543178e+02
2.478400397375183388e+02
2.311271035347000407e+02
2.117928008126193617e+02
1.926865712202325938e+02
1.699403335530833488e+02
1.489017867219558013e+02
1.284725825847656893e+02
1.094419676347922774e+02
9.228195322251670518e+01
7.709015611045819583e+01
6.386302680820635658e+01
5.223648833744133668e+01
4.231250057156019295e+01
3.376492577883716706e+01
2.652963137531123294e+01
2.052052741032348138e+01
1.558805011905472071e+01
1.161108314575522726e+01
8.548584865734355276e+00
6.325822586689437088e+00
4.770262831329720399e+00
3.687868227714419245e+00
2.923120945552490024e+00
2.362618546880097536e+00
1.953499233189038620e+00
1.636549453083105288e+00
1.384927181639174387e+00
1.193638914556633956e+00
1.030171374862007827e+00
8.887608663883610483e-01
7.654758138931684330e-01
6.492643080718789594e-01
5.442136453492247838e-01
4.462239651650652950e-01
3.581556539843857578e-01
2.792317057664334690e-01
2.059705400481510740e-01
1.425398689375947936e-01
1.181882478725659741e-01
8.167236329118460203e-02
