1.701443076430750239e+02
1.406852428301551186e+02
1.217251018853977484e+02
1.103068739141211836e+02
9.465985662577151061e+01
8.535366407279872192e+01
8.811331304470465398e+01
8.749518149550235080e+01
7.962752103262940295e+01
7.678021673402832903e+01
7.453651411339146193e+01
7.014888057871236526e+01
6.374602716304022465e+01
5.649619822954355186e+01
4.924120236885402591e+01
4.249095664833323838e+01
3.613178005287458205e+01
3.030533141629075189e+01
2.517257659993655494e+01
2.068745392714338749e+01
1.678920072291822052e+01
1.345970659441461592e+01
1.060197664257893280e+01
8.189379767962384093e+00
6.208359903207961494e+00
4.655758457384174598e+00
3.517861868197511122e+00
2.708602506994443715e+00
2.138644829358686827e+00
1.724359263092889893e+00
1.425421023740653048e+00
1.204562001436966900e+00
1.031045528506250530e+00
8.962974890781350013e-01
7.881089906677294366e-01
6.965386929241820235e-01
6.201785268562003406e-01
5.513305469570974893e-01
4.897981570423950992e-01
4.319100503123164958e-01
3.774865243711120200e-01
3.239453227498068077e-01
2.736613429723164792e-01
2.259223076196211488e-01
1.808687103160303011e-01
1.403193624230149594e-01
1.028322615195261525e-01
7.175578432190779510e-02
5.811789476793387949e-02
3.890384527502235845e-02
