2.217329695359298967e+02
1.901758455132641075e+02
1.723490680148821639e+02
1.629095262488506251e+02
1.411343127362354153e+02
1.362030264731766920e+02
1.553821190613654153e+02
1.606587204010194228e+02
1.485955030249342030e+02
1.485495824097137074e+02
1.518064077021597313e+02
1.475674678979099212e+02
1.386997767839623066e+02
1.308038706173256003e+02
1.205819459475100359e+02
1.089076176955500443e+02
9.689236483575275827e+01
8.556433636158664058e+01
7.421098198990642913e+01
6.421227004984137920e+01
5.498275751796448674e+01
4.654490275520138454e+01
3.893809859056609923e+01
3.202656224366318582e+01
2.584549527920922429e+01
2.038868034908504256e+01
1.570038136947140295e+01
1.177631611156687796e+01
8.670269685345335375e+00
6.439692253072990979e+00
4.851668781118961604e+00
3.745166046370613344e+00
2.951576939035423841e+00
2.379359064894059461e+00
1.945938387121201263e+00
1.617968325017066888e+00
1.367309761743039642e+00
1.158876425161768697e+00
9.921110920629930829e-01
8.528739509356977333e-01
7.330311193273537640e-01
6.185496033500565982e-01
5.127799330660776089e-01
4.254755692470548745e-01
3.389792339652917263e-01
2.649132309626470172e-01
1.922018080649114669e-01
1.287559804941283137e-01
1.049003143668566645e-01
7.145195304788347357e-02
