2.078816261807936598e+02
1.789178294190233487e+02
1.596326727734103770e+02
1.436523983701487168e+02
1.262540804011107980e+02
1.175211897291729883e+02
1.167811528612164125e+02
1.121841487285801691e+02
1.042609718483448091e+02
9.783517686195446572e+01
9.027166614313628656e+01
8.270126745300824211e+01
7.442898694329358023e+01
6.506499681250210187e+01
5.557935542118315198e+01
4.703460129125634381e+01
3.949405728486103584e+01
3.250333869986562263e+01
2.659140408435019509e+01
2.152614517411243611e+01
1.725502681900116642e+01
1.363532877718639114e+01
1.060465150621579866e+01
8.138833444937514372e+00
6.144813879948647362e+00
4.596445530445737226e+00
3.467285946776361261e+00
2.664362978125505599e+00
2.108365750698651730e+00
1.710112448982110234e+00
1.420848614639756313e+00
1.208317847580303139e+00
1.046391735284664559e+00
9.154298344959062028e-01
8.086279286171642600e-01
7.211781526514564611e-01
6.445284045533509198e-01
5.749766378485431373e-01
5.117001881181788558e-01
4.539118535968468260e-01
3.954415053668997593e-01
3.393302982602428575e-01
2.863214390404246190e-01
2.376202281321171672e-01
1.921891673692906199e-01
1.506912528573426391e-01
1.122455186599025101e-01
7.770756831849423563e-02
6.048144928430608525e-02
4.256203912970590170e-02
