4.357369631907381518e+02
4.157441526521583910e+02
4.057690059210726758e+02
3.986416708376059432e+02
4.099502709726980356e+02
3.968675965370689482e+02
3.852226094143438786e+02
4.005569775927501723e+02
3.985411045936682513e+02
3.888230547481925896e+02
3.837959155559650526e+02
3.682190646393055431e+02
3.490453956818398638e+02
3.295768802448993711e+02
3.021278966649053928e+02
2.776824988106426417e+02
2.473443443858467390e+02
2.199600810308575660e+02
1.923872607445365190e+02
1.663049881124583749e+02
1.431591073224523143e+02
1.217982158784446511e+02
1.027775611551983701e+02
8.559070995556709249e+01
7.037718753251064641e+01
5.688744733297408374e+01
4.522658593702745122e+01
3.519199176713211585e+01
2.680937137459518027e+01
1.993747835006334412e+01
1.460666787599085836e+01
1.074583770606903776e+01
7.990428478358896136e+00
6.031580047546522216e+00
4.671711207500953478e+00
3.690003948317811311e+00
2.955790561548353956e+00
2.405606820020302017e+00
1.999793715126183535e+00
1.666834024697487315e+00
1.400888266872095445e+00
1.166067871813560419e+00
9.611064676947220775e-01
7.918482993312909723e-01
6.276036361194095026e-01
4.828998040031063921e-01
3.584488983454018896e-01
2.547098166931381358e-01
2.042133439354603397e-01
1.425261749553147494e-01
