3.080332286891863305e+02
2.742785209466721881e+02
2.481626981155742442e+02
2.255029587844088610e+02
2.181491387056705662e+02
2.037426986482036568e+02
1.902719021199696385e+02
1.848040467627302519e+02
1.705372550593019128e+02
1.573113898385804532e+02
1.437809449871676577e+02
1.298348607928989793e+02
1.129835423700142485e+02
9.896320262592921324e+01
8.424575971732029700e+01
7.080109039949886096e+01
5.865512924157230401e+01
4.825300533573754080e+01
3.917333776615941332e+01
3.159847255762004181e+01
2.518646078881772610e+01
1.977316780081197578e+01
1.535322976664111749e+01
1.173798479309640896e+01
8.848948185167319735e+00
6.580883869805241204e+00
4.896522096224456000e+00
3.686621527365083750e+00
2.845192170266684251e+00
2.253960208986912850e+00
1.841080878157121514e+00
1.546287055171625902e+00
1.317429968960633246e+00
1.138868883339120952e+00
1.001352431068168292e+00
8.853735875824961798e-01
7.842468529172186287e-01
6.980098350276041641e-01
6.204217484473112387e-01
5.456075275391998325e-01
4.758808491799297880e-01
4.084790279863919071e-01
3.459572221128662806e-01
2.851109036893786364e-01
2.312196736451443413e-01
1.830950501085713833e-01
1.353488613329467127e-01
9.320615472212863406e-02
7.535692289304836422e-02
5.377554980063274648e-02
