3.620844325549880978e+02
3.479589317893451152e+02
3.359563109487999100e+02
3.214358552118712851e+02
3.367696435276286593e+02
3.304720504563617851e+02
3.249881921861715455e+02
3.361076943407801991e+02
3.220643845712469329e+02
3.120130781532963056e+02
3.012151238938874940e+02
2.858499682191506963e+02
2.632411801437152121e+02
2.434722040064719977e+02
2.184190790686843116e+02
1.940766807729464176e+02
1.704680092187238074e+02
1.474923076785075864e+02
1.259219493544907067e+02
1.069857959361946627e+02
8.974743230784741854e+01
7.464263105186830671e+01
6.148881113875366111e+01
4.999852928720997625e+01
4.002100424181207927e+01
3.154901162186884989e+01
2.442981781010171716e+01
1.849117211842066055e+01
1.369991588306440278e+01
1.005302129807169820e+01
7.423399663674032034e+00
5.601463782100705835e+00
4.311431044019752079e+00
3.393896217258910220e+00
2.726193317334647315e+00
2.221179796429936015e+00
1.843572601210773598e+00
1.540810113362175215e+00
1.305368103088283549e+00
1.112153917251793800e+00
9.525476002910592266e-01
7.946356507497518429e-01
6.568594547295170116e-01
5.416247886749860907e-01
4.343182407976259318e-01
3.452420712956613680e-01
2.541241318058647392e-01
1.742791785077227873e-01
1.451050457703624841e-01
1.018008755856541769e-01
