2.862519979950704965e+02
2.525524485488600703e+02
2.262449676189158936e+02
2.035317148231695228e+02
1.940831623697365558e+02
1.774731841889612269e+02
1.626644220824513809e+02
1.571759154512726298e+02
1.435720653928531760e+02
1.302063497216739449e+02
1.174516718497198440e+02
1.038690708754589593e+02
8.953341250792148287e+01
7.713529781184115564e+01
6.477956280013772528e+01
5.393211841411140028e+01
4.412722827430174277e+01
3.581051239487049997e+01
2.875499228687974096e+01
2.289150781255015943e+01
1.795435279917204241e+01
1.395948779509123128e+01
1.066782019409498972e+01
8.057212182336058959e+00
6.013547819326713118e+00
4.476861245885812579e+00
3.365881814308388620e+00
2.590817909532157959e+00
2.054391764785886032e+00
1.680051457932726588e+00
1.415356189281765431e+00
1.217240261150273284e+00
1.061681353681553475e+00
9.384025275447989145e-01
8.390792285670127804e-01
7.504867565366319937e-01
6.740419906515642268e-01
6.039634085196505797e-01
5.393315052503890872e-01
4.789717654348208398e-01
4.199785490389635334e-01
3.630344334047318489e-01
3.092342699967853825e-01
2.577913868223816740e-01
2.095503856754293848e-01
1.632268790243646961e-01
1.223027653588888292e-01
8.400250690305773038e-02
6.548526089956602236e-02
4.638719642506079766e-02
