2.695207313258049453e+02
2.271689755759280160e+02
2.047036978319501941e+02
1.967264742908097332e+02
1.689144352089238055e+02
1.594327428963118791e+02
1.765666906526651019e+02
1.810915873856905591e+02
1.717481687990648425e+02
1.714691994828257293e+02
1.779439448760017513e+02
1.784912938241189977e+02
1.729943684703731606e+02
1.619515280539393984e+02
1.504974459216740570e+02
1.370960342082127852e+02
1.247657116860169424e+02
1.106263634740264195e+02
9.826744185078682392e+01
8.578436504780725613e+01
7.408525826361770328e+01
6.397956759708283414e+01
5.437191353897708979e+01
4.557143136519307802e+01
3.747909216808552912e+01
3.030887574497386794e+01
2.388850494582095152e+01
1.829369909263327543e+01
1.363652898584393114e+01
1.002891718950766631e+01
7.443080438090561302e+00
5.619934005606315175e+00
4.326798180114096226e+00
3.402281874478502388e+00
2.720752965278679270e+00
2.213519738960859407e+00
1.835088094221505983e+00
1.538666762391229792e+00
1.300448941908557865e+00
1.101821383570501300e+00
9.345200791236196736e-01
7.842797516094288657e-01
6.547600664851650487e-01
5.346230936205516038e-01
4.255246412951065871e-01
3.286179594382271363e-01
2.436536508964651793e-01
1.670033612747335861e-01
1.386401371655710812e-01
9.853061515055210051e-02
