2.643844690283156069e+02
2.330275502199011726e+02
2.086191962176994252e+02
1.869632683621261435e+02
1.754403729471480915e+02
1.598987531607285746e+02
1.459641859290287869e+02
1.384154009457357972e+02
1.250315980386159822e+02
1.124574318742402568e+02
1.009792366165392110e+02
8.797315174502794832e+01
7.531085751826029195e+01
6.450030809349601668e+01
5.349307285171795456e+01
4.389128369305258559e+01
3.561586662861499519e+01
2.865273698069662345e+01
2.277996200209054223e+01
1.797924455540550071e+01
1.398921062207639210e+01
1.074329238677932352e+01
8.123522410582772579e+00
6.082397141527768447e+00
4.514405674947259861e+00
3.381652531750769075e+00
2.579018989347687807e+00
2.024721960829080292e+00
1.648681103565414752e+00
1.379129320554296712e+00
1.186405823909139290e+00
1.041629018221687186e+00
9.268682365517988408e-01
8.323141477906963459e-01
7.478099481705684504e-01
6.768014394891859187e-01
6.104658855066131817e-01
5.521568359791916292e-01
4.954782701932148870e-01
4.428811357890918843e-01
3.893527083125404853e-01
3.368868704611519549e-01
2.842490829989896550e-01
2.356408445256112372e-01
1.903698094086752612e-01
1.496545933136748663e-01
1.105513285834767573e-01
7.776872918800961654e-02
6.331887327314217329e-02
4.654272246868026291e-02
