1.986792934817231071e+02
1.692002730224677975e+02
1.486630921463532218e+02
1.322320884904676745e+02
1.168187202559063280e+02
1.078581729693108855e+02
1.040833707400662149e+02
9.815355890730791089e+01
9.039006046196081456e+01
8.392541912291144968e+01
7.752739343925736648e+01
7.048219297253166360e+01
6.259895043335248488e+01
5.454371472701048162e+01
4.614656070699916057e+01
3.852615230288192549e+01
3.210284378906730751e+01
2.619824111873112216e+01
2.121936866152702095e+01
1.702329084486260413e+01
1.349212258576276113e+01
1.054758894479634179e+01
8.127022123936690434e+00
6.173396409026022269e+00
4.633714457305147860e+00
3.484096760231356615e+00
2.657716944370852374e+00
2.083674366525036792e+00
1.680964232151909155e+00
1.397235255691454459e+00
1.191960837410253937e+00
1.031534982390264865e+00
9.035840928477913980e-01
8.005125592040092108e-01
7.180184890634395689e-01
6.457778356701462386e-01
5.808797561954729405e-01
5.227105627584932579e-01
4.663237563820371578e-01
4.139267855268828900e-01
3.640972805259977685e-01
3.146655176539382426e-01
2.670580463458049891e-01
2.197153116663376760e-01
1.781085292725382851e-01
1.408779982514095641e-01
1.035604194156470870e-01
7.203348791003273688e-02
5.641137539700635112e-02
4.077513502619686120e-02
