2.466407154964164192e+02
2.202943371276870721e+02
2.050256457632548290e+02
1.902156975060920558e+02
1.699373715805478469e+02
1.653385840669330946e+02
1.739461666296227804e+02
1.737601458442715057e+02
1.675719446929446121e+02
1.636035459959410900e+02
1.575785476016164921e+02
1.502171097191734930e+02
1.401726679894988763e+02
1.275961015805645786e+02
1.126840382145410331e+02
9.882540540066591461e+01
8.604364823416118213e+01
7.347338110306900205e+01
6.248783680865714985e+01
5.244056023251491183e+01
4.373843196955695589e+01
3.595934682728517373e+01
2.932002925244838565e+01
2.346599199214062281e+01
1.843872848630558536e+01
1.423966935393215394e+01
1.074441472155505650e+01
7.977148737385258315e+00
5.920683535406658038e+00
4.465401424389339624e+00
3.434433586610539102e+00
2.718425649986902837e+00
2.194764118565369682e+00
1.811431339596424550e+00
1.512957340673717122e+00
1.284908047089206473e+00
1.098846791709111814e+00
9.521244745703696388e-01
8.270238681974499961e-01
7.162040194093546308e-01
6.183985967085319224e-01
5.281591346321425906e-01
4.427399771646616244e-01
3.668102822523567341e-01
2.966078885423368283e-01
2.342197168850259636e-01
1.749025647560418228e-01
1.216248976559033412e-01
9.774212844746398010e-02
6.932378646632961217e-02
