2.217697759517988061e+02
1.937016195347536041e+02
1.747127616076078311e+02
1.573550576208529037e+02
1.399729804758939053e+02
1.331846330314832016e+02
1.352286825798095720e+02
1.321310367697251422e+02
1.238454109993214445e+02
1.172797748579859274e+02
1.098013520017343865e+02
1.020218503188531827e+02
9.265259703153027715e+01
8.201825900529048852e+01
7.081620198008073430e+01
6.050357387854342761e+01
5.154310905763529149e+01
4.290399095385647854e+01
3.565619116094615038e+01
2.919014360131333774e+01
2.372018506551293981e+01
1.901422529522446325e+01
1.502978089963893460e+01
1.167980627470480215e+01
8.940474731148601251e+00
6.714688900001521965e+00
5.006069180049495415e+00
3.774760078395332119e+00
2.908377284029051602e+00
2.298602942881314615e+00
1.862803241298538026e+00
1.542572984779447154e+00
1.302876838220260458e+00
1.121180558304965214e+00
9.741868846304726492e-01
8.554567783802959902e-01
7.536050072842681580e-01
6.650160173698969057e-01
5.891718181069642846e-01
5.179397779338414942e-01
4.501116460645046002e-01
3.869569788791787368e-01
3.276986627892649606e-01
2.710552142645807905e-01
2.199304455276318571e-01
1.728339230617143840e-01
1.280453858770455033e-01
8.826649315049711619e-02
7.331532561174673723e-02
5.158063609895240792e-02
