1.859242136633966948e+04
2.320497694392814083e+04
1.855818223201598084e+04
2.591480729125336802e+04
1.717447201479193245e+04
1.912608043322351296e+04
1.846052849429714843e+04
1.192304200025628779e+04
9.242581463466831337e+03
7.630282817396877363e+03
5.293077301746890043e+03
3.504431337265932598e+03
2.359412735856971267e+03
1.550392761424660648e+03
1.027955684089353099e+03
6.631541796679451863e+02
4.278928524263973259e+02
2.764106317023549195e+02
1.734374161411919317e+02
1.061879246230741813e+02
6.373033652526695647e+01
3.734732120705753999e+01
2.191125878826230178e+01
1.330258671294254036e+01
8.816244022101081157e+00
6.424718096608923901e+00
4.939654722715236090e+00
3.802110387794042534e+00
2.930957561160133729e+00
2.203642158886751190e+00
1.657642510840375394e+00
1.248073537740853833e+00
9.340521546787606821e-01
6.929599266169607086e-01
5.139262079850316356e-01
3.745181585958903825e-01
2.675053095177154505e-01
1.872097653414428742e-01
1.296763890284304277e-01
8.700663281465734200e-02
5.628907445080195276e-02
3.562977448192709840e-02
2.097387651063243111e-02
1.207725215336073223e-02
6.226520873597598052e-03
2.874547645389507761e-03
7.671603968457324030e-04
1.016671809775847746e-03
6.272731362169188443e-04
-4.550412854877989785e-04
