7.103622397741852910e+04
4.498197176626502915e+04
6.797346971115049382e+04
5.391156817347504693e+04
5.477339430125107901e+04
3.488200790470939683e+04
3.104412658855096379e+04
2.272764852196452557e+04
1.536477422486366777e+04
1.103395820686080151e+04
7.586167420212405887e+03
4.913805321193452983e+03
3.341839633557169236e+03
2.141205786584702309e+03
1.374741886931095223e+03
8.659642982282136927e+02
5.453125985606205859e+02
3.397732293589178312e+02
2.092636030953073032e+02
1.245235547570829056e+02
7.432278328443349835e+01
4.295698504956479269e+01
2.516793755657791110e+01
1.525279500476783134e+01
9.991718233070029598e+00
7.223285355117947226e+00
5.582304846935636888e+00
4.391711448829236808e+00
3.433067595105333325e+00
2.661883767775483633e+00
2.027364440786262545e+00
1.524298037934526340e+00
1.142793796518664307e+00
8.545942540835246293e-01
6.258151547535212300e-01
4.568211701540608738e-01
3.285904040402251036e-01
2.326257966591300519e-01
1.619555967166024235e-01
1.092940180516520227e-01
7.159155185182231040e-02
4.556791179519040919e-02
2.743330061045870516e-02
1.555208449679920148e-02
7.627346802016935629e-03
3.524083100620914715e-03
8.890493315640193416e-04
1.150983623239798265e-03
5.870534494383972297e-04
-5.160373977461709663e-04
