4.149273247163264750e+04
2.596648480254389870e+04
3.381922602339050354e+04
3.377374881411960087e+04
2.514844107023155811e+04
2.458233409220561953e+04
2.053620692787690496e+04
1.439704782639760379e+04
1.075824165594127771e+04
7.996748947582334040e+03
5.639709053564229180e+03
3.788195040148134012e+03
2.506195820529233060e+03
1.591707759436236529e+03
1.017021141643256556e+03
6.739671271391574692e+02
4.204676495653213237e+02
2.633517061154381622e+02
1.645564329613677046e+02
9.990918975495638676e+01
5.953841958506524890e+01
3.509561112623352130e+01
2.085599872394095655e+01
1.284122523079738443e+01
8.717232770414344856e+00
6.451475251943201705e+00
5.021940665527520054e+00
3.917211888458337121e+00
3.038483514620348824e+00
2.336146980108909865e+00
1.759036914256384199e+00
1.318019270053557790e+00
9.872987606873070421e-01
7.397557609544100909e-01
5.451479655496556109e-01
3.961055368837551049e-01
2.857619830593453591e-01
2.010106319335001335e-01
1.395138291023455268e-01
9.471768162424083759e-02
6.151555681688192223e-02
3.864985035686618886e-02
2.265879018120096206e-02
1.304206966721507994e-02
7.010368266020712731e-03
2.806290631719319563e-03
8.740213023042550872e-04
1.096648095996106661e-03
5.680918805666738914e-04
-3.751040000474614028e-04
