1.535880492355532770e+05
3.079731716442083780e+04
2.785713638095819260e+04
3.967715438585126685e+04
2.510029600932884932e+04
2.926850080407908536e+04
2.467326474535987654e+04
1.877781162724770184e+04
1.458327033145657515e+04
1.096286190491456182e+04
8.113515053292098855e+03
6.383928761413179018e+03
4.508483958483592687e+03
3.195529824211834239e+03
2.214876201418831897e+03
1.540056780292585245e+03
1.052773523108342033e+03
7.079939674585039029e+02
4.776639634133642289e+02
3.112564553354294503e+02
2.034177408501931836e+02
1.248223407672094680e+02
7.288175060230479119e+01
4.011212020687445090e+01
2.149109381105551719e+01
1.204013788506231286e+01
7.821982833536380575e+00
5.616967225865606039e+00
4.178277165021908601e+00
3.173781406475171707e+00
2.379842680053042780e+00
1.745566278135283422e+00
1.289780628401078877e+00
9.522241328481920730e-01
6.935840714190015799e-01
5.035139970730913017e-01
3.566817763672164299e-01
2.539593006786879381e-01
1.764373226990432197e-01
1.196667972990650419e-01
7.853335577013259572e-02
4.847355869446184906e-02
2.894431305107544178e-02
1.662618658787116260e-02
9.391407929379575956e-03
4.579750302064673241e-03
1.156864943888379418e-03
1.578422425394229939e-03
4.958107885444998364e-04
-5.452261698340552399e-04
