1.950463171587157376e+02
1.683964684330766204e+02
1.520742918182354515e+02
1.425739523207092816e+02
1.299995978567017119e+02
1.290231699398060528e+02
1.267024405795578446e+02
1.196004864854423317e+02
1.232074375962071713e+02
1.214630133345362424e+02
1.162346195340552697e+02
1.095237194240081067e+02
1.049556845116465809e+02
9.708206095146292114e+01
8.745306152912208120e+01
7.762017944984199858e+01
6.718570923619360258e+01
5.835188260029696750e+01
4.960822748751218825e+01
4.193896531012707385e+01
3.528102984293300892e+01
2.937516765487335491e+01
2.404469997453973562e+01
1.941027390931022012e+01
1.529747585040865054e+01
1.180661956855109906e+01
8.911583880015676584e+00
6.659827858115251686e+00
4.978346070837446291e+00
3.781406125093903281e+00
2.937194290310771283e+00
2.336648511583877319e+00
1.894319137288813959e+00
1.574467346094268860e+00
1.322579654697727536e+00
1.128264634717270676e+00
9.712827931959147065e-01
8.391668654938341243e-01
7.272920536817176762e-01
6.298072291387478705e-01
5.461454974560410180e-01
4.665932792028315013e-01
3.900264993794361201e-01
3.213522581301736514e-01
2.588724975654759786e-01
2.061769856928580835e-01
1.548903916344622766e-01
1.053123037199258788e-01
8.519087983673193087e-02
5.778992298746712941e-02
