4.480642372080544646e+02
3.986235786573722635e+02
3.675352623472197138e+02
3.450568984279309461e+02
3.289939393924667002e+02
3.198833317484945837e+02
3.159000821413349058e+02
3.128974527217983450e+02
3.102962435920563848e+02
3.105515692464201720e+02
3.051755442152439173e+02
2.878288469660785722e+02
2.710814716193956428e+02
2.471719837143045879e+02
2.232305702206140268e+02
1.988599807188088278e+02
1.751242637828217710e+02
1.513008365854024078e+02
1.299429076453132552e+02
1.107023388917938149e+02
9.319333612751678686e+01
7.788917301918871772e+01
6.404967406529104323e+01
5.233805039207143750e+01
4.199193513550930135e+01
3.321941541034063050e+01
2.580708585045185544e+01
1.961465373648825050e+01
1.456205636745125176e+01
1.069269423371073557e+01
7.897340144119055161e+00
5.908488373843225894e+00
4.511951609934760299e+00
3.525131492475726436e+00
2.836294585307068239e+00
2.297196957017717978e+00
1.906662173566836538e+00
1.607462877120818590e+00
1.359366429852543412e+00
1.153837828380431141e+00
9.787736195671595807e-01
8.185257875257536675e-01
6.710720042665967444e-01
5.511127575103975662e-01
4.376295574557642620e-01
3.482141006582272769e-01
2.527942764908792106e-01
1.719546023601325191e-01
1.499925109232659592e-01
1.074636999397319687e-01
