1.914638000751303935e+02
1.616076643312044325e+02
1.420131177400501770e+02
1.298639584960852744e+02
1.157481561181601251e+02
1.146344767848220272e+02
1.120287346058447611e+02
1.051223412046948056e+02
1.087218016694891389e+02
1.047161566073484380e+02
9.982263388142743565e+01
9.381284943494867434e+01
8.854157013286322808e+01
8.077571029419289061e+01
7.144915071618002855e+01
6.294835958722855196e+01
5.409556017588633381e+01
4.647224449492355092e+01
3.909508523214671527e+01
3.281891721778547577e+01
2.723582014070110446e+01
2.234112898918954926e+01
1.805633203956165289e+01
1.433773790279284555e+01
1.115828576170547315e+01
8.528752861155108889e+00
6.398776888327890155e+00
4.795146876196797692e+00
3.633017355252519565e+00
2.812714835697560201e+00
2.229628916752108392e+00
1.808934864388105801e+00
1.499372586594689416e+00
1.261206260712457006e+00
1.073128419158408731e+00
9.274993364187995581e-01
8.095985684786350944e-01
7.084281146580840849e-01
6.205081397170445490e-01
5.412534249191591762e-01
4.687736854596080693e-01
4.034554338022349196e-01
3.394193169320043335e-01
2.799059637217954921e-01
2.244132441054811078e-01
1.754035940248980796e-01
1.315848302498355271e-01
9.460424548229184882e-02
7.546796395087090881e-02
5.284873874840057689e-02
