2.555889023237507445e+02
2.248844751622752938e+02
2.091604262024645777e+02
1.994098713822174886e+02
1.850928796726974497e+02
1.875734286414317467e+02
1.833533829104893584e+02
1.757931628970312659e+02
1.877940525191102097e+02
1.836490688243899285e+02
1.806649103099362605e+02
1.796507990812182243e+02
1.797745491803647724e+02
1.688898239756612725e+02
1.556935910336561051e+02
1.407670543482347796e+02
1.277992697627082350e+02
1.146309207560503864e+02
1.010493249408623484e+02
8.863179286716724903e+01
7.734561926348948191e+01
6.613865623728267451e+01
5.671270590581307403e+01
4.744357629285126166e+01
3.939933126863023460e+01
3.197823597238974713e+01
2.529583338123667602e+01
1.952973737316302660e+01
1.460546080957008108e+01
1.074791256431038988e+01
7.987325246697340120e+00
6.029186243133671574e+00
4.633273499958264985e+00
3.625717788129065866e+00
2.888133045345062211e+00
2.349072980113684483e+00
1.945849798347444315e+00
1.604629640353318454e+00
1.362708065683648995e+00
1.160404316847779338e+00
9.857960083344566860e-01
8.174013922247274078e-01
6.841563639355872084e-01
5.603957278241040729e-01
4.514971589294062282e-01
3.470369294565121554e-01
2.500163222414040209e-01
1.795589262442407463e-01
1.557921325278485980e-01
1.028325238914937212e-01
