2.073516325078970794e+02
1.701786410830344494e+02
1.421300460448309195e+02
1.187993365237656462e+02
1.070165422424041708e+02
1.024351453042721118e+02
1.021920231458876174e+02
1.060346554589713719e+02
1.039381906399412969e+02
9.748510276217297132e+01
9.811284073529458283e+01
9.664372637505135799e+01
9.714917610898837097e+01
8.951809470868099083e+01
8.540648911529828524e+01
7.682928672323390629e+01
7.077056296242066935e+01
6.202868376341680801e+01
5.533499958588196677e+01
4.820184242363851013e+01
4.165686975064420494e+01
3.575625687750812176e+01
3.024948553239209303e+01
2.514139585800496590e+01
2.021715894289092574e+01
1.587412917349507779e+01
1.203879580469829591e+01
9.021578294295554912e+00
6.676778230106161338e+00
5.028837621760843035e+00
3.846070746605795510e+00
2.994660249757441939e+00
2.384569382518339165e+00
1.922264947582518868e+00
1.599022241895623253e+00
1.356137065091052696e+00
1.154603894535326303e+00
9.858663370552916971e-01
8.453989286101704081e-01
7.233649356398613728e-01
6.136058525669272345e-01
5.165333907658922197e-01
4.334194677750412561e-01
3.646703813102383784e-01
2.965138667253105487e-01
2.262893144577607929e-01
1.686867393389580028e-01
1.190573291931481259e-01
9.253884262872458244e-02
5.437405015662036267e-02
