3.899882975305818036e+02
3.379545250575077944e+02
3.028999007047764280e+02
2.732490274654805944e+02
2.513581553532211501e+02
2.363436299433618615e+02
2.233760709919832834e+02
2.116182022811395882e+02
2.031976509543517295e+02
1.964536029638921377e+02
1.864012109819634020e+02
1.703646070818143983e+02
1.547387759094425235e+02
1.372661256892590131e+02
1.184208118071234992e+02
1.015159513806250260e+02
8.612266761062392106e+01
7.184714659445032225e+01
5.957173854142283886e+01
4.890993107120665684e+01
3.982044422960335339e+01
3.193843192270679410e+01
2.532282519030065515e+01
1.983417296940664087e+01
1.527635317411724003e+01
1.159341740556922318e+01
8.669491210802606318e+00
6.430265601543310616e+00
4.799582705972268215e+00
3.644576279252623952e+00
2.842400899966190941e+00
2.279572839045534760e+00
1.870692645808600840e+00
1.564972342334267630e+00
1.325513740030525467e+00
1.137912507525377981e+00
9.897662031708711616e-01
8.652191515351506101e-01
7.614183587551477395e-01
6.616085890769002331e-01
5.749248852721178249e-01
4.936972097403989901e-01
4.161542850188255094e-01
3.425849860142390346e-01
2.746772833963766480e-01
2.141085000138420735e-01
1.627878594631971543e-01
1.153038503962348083e-01
9.564145006429279616e-02
6.812510076873470877e-02
