1.406165348317211965e+02
1.161714018086154852e+02
9.770992609655013439e+01
8.086793805409382685e+01
7.148236569593038325e+01
6.941781581178398142e+01
6.654665071013224065e+01
6.392033850570402365e+01
6.316912763153553101e+01
5.856323281517322243e+01
5.669184743026829665e+01
5.507254567504809017e+01
5.334715805877122818e+01
4.858124998053922639e+01
4.401547698506264084e+01
3.906464779444068114e+01
3.437103312899392193e+01
2.953645659760570297e+01
2.514416558364095522e+01
2.118649425760771621e+01
1.769073487746497619e+01
1.452199642127383861e+01
1.167856691476281128e+01
9.168372308621016487e+00
7.019701236632685415e+00
5.283054590743183176e+00
3.969415314363914149e+00
3.025122807152269999e+00
2.354027134906627960e+00
1.874049119326932633e+00
1.522280366456276735e+00
1.264613772697351868e+00
1.067587379368440503e+00
9.146373159410339237e-01
7.945526600255301553e-01
6.949778191593790622e-01
6.124278540749548139e-01
5.414710626451837427e-01
4.783572522738760990e-01
4.181152597986340091e-01
3.644941035618510239e-01
3.115879407474521634e-01
2.621264638456223817e-01
2.159266202548538738e-01
1.737616363100324968e-01
1.346972300710397863e-01
9.913245523529122527e-02
6.895629045848275518e-02
5.645578205744086059e-02
3.915555047433610936e-02
