2.988217310926236223e+02
2.698537926909789348e+02
2.438949701606893541e+02
2.148009669403215867e+02
2.095372397572731415e+02
2.017608629767643151e+02
1.969357760558098107e+02
2.009129264269218993e+02
1.999595638116769578e+02
2.037871360744603635e+02
1.949558225287943856e+02
1.899469065104224796e+02
1.807239792607778099e+02
1.684668556730306364e+02
1.515727013214676617e+02
1.354122198128764865e+02
1.204525789027691758e+02
1.059702892198105957e+02
9.171135435881174658e+01
7.861964981811762243e+01
6.654936917030562427e+01
5.603956704094337482e+01
4.650154336320923676e+01
3.809805220104182411e+01
3.063406098990467896e+01
2.431831098656949308e+01
1.873635176791867707e+01
1.421167462118439317e+01
1.053178492792186560e+01
7.808321414408742278e+00
5.838317226186129361e+00
4.445826185957783672e+00
3.469779267251340560e+00
2.761133826286671589e+00
2.242978269376938449e+00
1.847506326550704348e+00
1.537844560885956335e+00
1.297332387293349987e+00
1.112220577873945793e+00
9.546529736640056996e-01
8.128663225036677487e-01
6.849351466244443243e-01
5.695350675776218452e-01
4.663272478332499693e-01
3.682194093833520698e-01
2.922966625805718532e-01
2.189214799581639115e-01
1.435064137693350395e-01
1.157126045873910353e-01
8.148864712160756862e-02
