1.785724546710799814e+02
1.468533271680306598e+02
1.242267030663568335e+02
1.040488139287785430e+02
9.068250411229740848e+01
9.202355744693932138e+01
9.210040177291602959e+01
8.830543720444114797e+01
8.895199016352563604e+01
8.328730568821814018e+01
8.252525640408623531e+01
8.207579625509862353e+01
8.098459504192774716e+01
7.578160717852192363e+01
6.972326776444639052e+01
6.316722045294626753e+01
5.687606498211519579e+01
4.996472130215637009e+01
4.358594520599869071e+01
3.741677082586488723e+01
3.206993262268839828e+01
2.715899236088760560e+01
2.273424774397467729e+01
1.848313790630421494e+01
1.468893079554547398e+01
1.132849081215035980e+01
8.519302817716411624e+00
6.351258664614646499e+00
4.745501935493566137e+00
3.620227024852180175e+00
2.825576908126092857e+00
2.260072780730348008e+00
1.831992292661177135e+00
1.514805864575407224e+00
1.270551361364437692e+00
1.073404943650777543e+00
9.274968943626109574e-01
8.003581622388390437e-01
6.921748233268918415e-01
6.050042907708794715e-01
5.229807136778907850e-01
4.493428629880990011e-01
3.722239321372167176e-01
3.025544283277969981e-01
2.428810131284104556e-01
1.891797137793282957e-01
1.385009134889796933e-01
9.113425599086451279e-02
7.335000947463032883e-02
5.658478533373118707e-02
