4.062633057894640842e+02
3.563494004091085117e+02
3.243449308644703706e+02
2.988565960913175559e+02
2.814551390601670846e+02
2.659944566364608818e+02
2.529102576269992824e+02
2.431250678604601489e+02
2.351821796617240352e+02
2.311570843317157937e+02
2.214745729783896309e+02
2.048405524986450246e+02
1.871233035251926538e+02
1.687918824962856377e+02
1.483099542032124418e+02
1.289984813720645889e+02
1.107093925624693753e+02
9.383446621768550244e+01
7.855262549148785922e+01
6.521287277762083079e+01
5.365614273162790937e+01
4.358373445810295266e+01
3.510676315720971274e+01
2.782005190276124296e+01
2.172940650248526495e+01
1.670777976863298520e+01
1.262243615312173262e+01
9.382476711244468248e+00
6.944780103495676649e+00
5.190843054080770180e+00
3.957466737856281558e+00
3.096509126312286142e+00
2.475877340291899653e+00
2.030005192095470701e+00
1.690268684713241765e+00
1.435274333477076336e+00
1.222774690904805173e+00
1.055722674762504587e+00
9.222901073130301830e-01
8.021701094671412902e-01
6.941107030309909831e-01
5.921771945891256550e-01
4.953625188481494135e-01
4.110144318770464489e-01
3.305429924224442262e-01
2.585797098384565174e-01
1.917099217749696494e-01
1.303479280386324879e-01
1.036114387622010524e-01
7.159055675714494360e-02
