3.680788678113780179e+02
3.164412074754570767e+02
2.813664914912735640e+02
2.530996939355104587e+02
2.305274374763611149e+02
2.124746292444420988e+02
1.980845597732462693e+02
1.869261438854106245e+02
1.778930004053497669e+02
1.691743382814539132e+02
1.575942900141117207e+02
1.427723204141386191e+02
1.275523468501548336e+02
1.113847983740429726e+02
9.567551682862321627e+01
8.117049756056383103e+01
6.788017349882288443e+01
5.618824779232301125e+01
4.603345152554669539e+01
3.741554346845296664e+01
3.005705485363655427e+01
2.387900011273876544e+01
1.875687480589238021e+01
1.448610641673546695e+01
1.103672092184067566e+01
8.289624432366640150e+00
6.173903733468034005e+00
4.613289087361732044e+00
3.501197879592607531e+00
2.720741347474120886e+00
2.178398018348083554e+00
1.793198181665796920e+00
1.503692366021446070e+00
1.283140146459220032e+00
1.113769294484796113e+00
9.747577839733523319e-01
8.560163822107367260e-01
7.565590462782394443e-01
6.701634489973102848e-01
5.879349594013969504e-01
5.111692000696367311e-01
4.365841875676548800e-01
3.687312766890682436e-01
3.036447888089244262e-01
2.469645042399437329e-01
1.924296660894565525e-01
1.448580251315182421e-01
9.863503075467426606e-02
7.890017513246738723e-02
5.922917673715336062e-02
