1.597783707910631392e+02
1.332152655964569021e+02
1.122336997622474541e+02
9.199255801770880225e+01
8.253243293362152144e+01
8.185958048698114453e+01
7.875322545216988601e+01
7.706266218849486904e+01
7.833450506655751155e+01
7.335478073378087061e+01
7.217365110258938898e+01
7.009928619963997676e+01
6.758972521931674748e+01
6.233201159894501586e+01
5.736011805707495625e+01
5.138341691664776079e+01
4.601833568912108063e+01
3.994291378562856920e+01
3.455593317689155697e+01
2.951919066544573411e+01
2.507927652415360598e+01
2.096036250497628473e+01
1.722644685545099463e+01
1.388477358084840318e+01
1.080750537984542348e+01
8.233533021063266233e+00
6.157704395383492013e+00
4.618437222604778292e+00
3.503228191087275345e+00
2.713578362481916084e+00
2.146271117482729363e+00
1.734618170684398386e+00
1.428416950668098151e+00
1.201149595976207296e+00
1.019553062682632127e+00
8.803388055155154657e-01
7.654726677681293889e-01
6.653196580106550684e-01
5.820843788592040546e-01
5.072177313918859731e-01
4.395301455107761823e-01
3.752527776487749600e-01
3.167007605483022070e-01
2.601516660977251094e-01
2.072490034359704136e-01
1.637903266913053602e-01
1.270755205198371707e-01
9.051537894381765648e-02
7.314550928758371817e-02
5.034750684603876009e-02
