3.289611716913748296e+02
2.737607696182335530e+02
2.389227650866373551e+02
2.369086514023449581e+02
2.168349553514408399e+02
2.093021401793735095e+02
2.114116327792934271e+02
2.145357501095840007e+02
2.322136406524748509e+02
2.314574621628546538e+02
2.219493911549839140e+02
2.162382504657838354e+02
2.143778371412549859e+02
2.100838735579691274e+02
1.945776352439756351e+02
1.809444595003275253e+02
1.639726093939927125e+02
1.482010243858924810e+02
1.321580532866138640e+02
1.171581358535927677e+02
1.025409032857647134e+02
9.055221072595003307e+01
7.782955205758031525e+01
6.682685783971857063e+01
5.643543114246147496e+01
4.662875424666680146e+01
3.772369251164192860e+01
2.974539566043455352e+01
2.270581486225660939e+01
1.683654582175032388e+01
1.237819510675868528e+01
9.126783472845048095e+00
6.854744837268479607e+00
5.250618947420602645e+00
4.086506304918865240e+00
3.233926932887697170e+00
2.624323773656854542e+00
2.148513018032975452e+00
1.787175962540495489e+00
1.489539189621008619e+00
1.251547793015735266e+00
1.050950957956376497e+00
8.818013165629979833e-01
7.319731339712036711e-01
5.938355805360642226e-01
4.490946523473763330e-01
3.254606146976158909e-01
2.205708457882214757e-01
1.948396580688442903e-01
1.426249645783440045e-01
