2.463535518553022712e+02
2.152118677623244594e+02
1.906594975698368444e+02
1.660198775793962795e+02
1.542043698518876909e+02
1.461480165179582400e+02
1.430578265051674975e+02
1.410091834659773440e+02
1.339000241630960204e+02
1.310431724270493135e+02
1.216888170265574161e+02
1.139327996034016337e+02
1.034375807647416821e+02
9.314294619979378353e+01
8.168370836907807586e+01
7.001917277186682043e+01
5.965068074764685235e+01
5.015180095835133756e+01
4.198948985233924702e+01
3.478669164791271129e+01
2.844565887136095128e+01
2.304451268222061344e+01
1.837518737908044386e+01
1.445494732524465320e+01
1.116563134956615855e+01
8.492726673033574869e+00
6.358930390598955817e+00
4.763433029876474656e+00
3.615827478020305907e+00
2.808632337219269637e+00
2.233736760936530175e+00
1.818430833021810411e+00
1.511020605409906903e+00
1.278546520460473790e+00
1.097659984367859609e+00
9.535756056462831864e-01
8.350677662922669775e-01
7.319391517499389543e-01
6.420205011069731738e-01
5.640906466972366307e-01
4.898672234514804269e-01
4.171051524409834510e-01
3.499211272390704286e-01
2.892288188797120796e-01
2.332858045747951969e-01
1.828051261864425681e-01
1.368338958309985032e-01
9.857419861475574807e-02
7.648480118193692889e-02
5.146937124485912590e-02
