1.000000000000000021e-02 1.212053598190000053e-02 0.000000000000000000e+00 1.646137510096735423e+04 2.000000000000000000e+00 0.000000000000000000e+00
1.212053598190000053e-02 1.469073924900000071e-02 0.000000000000000000e+00 2.773528378459114538e+04 6.000000000000000000e+00 0.000000000000000000e+00
1.469073924900000071e-02 1.780596336680000114e-02 0.000000000000000000e+00 3.634524769678935991e+04 1.400000000000000000e+01 0.000000000000000000e+00
1.780596336680000114e-02 2.158178196810000074e-02 0.000000000000000000e+00 4.665591817858187278e+04 3.200000000000000000e+01 0.000000000000000000e+00
2.158178196810000074e-02 2.615827648980000031e-02 0.000000000000000000e+00 4.094114570387366985e+04 5.000000000000000000e+01 0.000000000000000000e+00
2.615827648980000031e-02 3.170523314209999777e-02 0.000000000000000000e+00 3.127016292927264294e+04 6.800000000000000000e+01 0.000000000000000000e+00
3.170523314209999777e-02 3.842844191139999782e-02 0.000000000000000000e+00 3.254069641670472265e+04 1.260000000000000000e+02 0.000000000000000000e+00
3.842844191139999782e-02 4.657733129169999708e-02 0.000000000000000000e+00 3.161891237953189921e+04 2.180000000000000000e+02 0.000000000000000000e+00
4.657733129169999708e-02 5.645422198640000222e-02 0.000000000000000000e+00 2.574002139772148075e+04 3.160000000000000000e+02 0.000000000000000000e+00
5.645422198640000222e-02 6.842554289190000416e-02 0.000000000000000000e+00 2.159211094123548173e+04 4.720000000000000000e+02 0.000000000000000000e+00
6.842554289190000416e-02 8.293542547049999325e-02 0.000000000000000000e+00 1.757272570844812799e+04 6.840000000000000000e+02 0.000000000000000000e+00
8.293542547049999325e-02 1.005221808589999988e-01 0.000000000000000000e+00 1.465906764752559866e+04 1.016000000000000000e+03 0.000000000000000000e+00
1.005221808589999988e-01 1.218382710089999932e-01 0.000000000000000000e+00 1.168435877878665451e+04 1.442000000000000000e+03 0.000000000000000000e+00
1.218382710089999932e-01 1.476745147740000097e-01 0.000000000000000000e+00 1.006591584031758975e+04 2.212000000000000000e+03 0.000000000000000000e+00
1.476745147740000097e-01 1.789894269929999948e-01 0.000000000000000000e+00 7.947885272118991452e+03 3.110000000000000000e+03 0.000000000000000000e+00
1.789894269929999948e-01 2.169447790260000120e-01 0.000000000000000000e+00 5.993332845024132439e+03 4.176000000000000000e+03 0.000000000000000000e+00
2.169447790260000120e-01 2.629487000280000264e-01 0.000000000000000000e+00 4.273197756751741508e+03 5.302000000000000000e+03 0.000000000000000000e+00
2.629487000280000264e-01 3.187079180090000019e-01 0.000000000000000000e+00 2.797842202577098305e+03 6.182000000000000000e+03 0.000000000000000000e+00
3.187079180090000019e-01 3.862910787959999981e-01 0.000000000000000000e+00 1.632388410684950031e+03 6.424000000000000000e+03 0.000000000000000000e+00
3.862910787959999981e-01 4.682054920050000013e-01 0.000000000000000000e+00 8.614926457380357760e+02 6.040000000000000000e+03 0.000000000000000000e+00
4.682054920050000013e-01 5.674901512779999546e-01 0.000000000000000000e+00 4.173026050232056718e+02 5.216000000000000000e+03 0.000000000000000000e+00
5.674901512779999546e-01 6.878284797970000142e-01 0.000000000000000000e+00 2.041070258601763499e+02 4.554000000000000000e+03 0.000000000000000000e+00
6.878284797970000142e-01 8.336849838780000521e-01 0.000000000000000000e+00 1.014923549780603764e+02 4.052000000000000000e+03 0.000000000000000000e+00
8.336849838780000521e-01 1.010470884470000108e+00 0.000000000000000000e+00 5.570836061954842933e+01 3.992000000000000000e+03 0.000000000000000000e+00
1.010470884470000108e+00 1.224744871389999989e+00 0.000000000000000000e+00 3.446994725567552820e+01 4.446000000000000000e+03 0.000000000000000000e+00
1.224744871389999989e+00 1.484456428239999903e+00 0.000000000000000000e+00 2.313192449639144499e+01 5.386000000000000000e+03 0.000000000000000000e+00
1.484456428239999903e+00 1.799240755210000042e+00 0.000000000000000000e+00 1.634728095301339224e+01 6.894000000000000000e+03 0.000000000000000000e+00
1.799240755210000042e+00 2.180776231369999874e+00 0.000000000000000000e+00 1.126349627403123499e+01 8.678000000000000000e+03 0.000000000000000000e+00
2.180776231369999874e+00 2.643217678090000078e+00 0.000000000000000000e+00 8.582533664300726173e+00 1.207400000000000000e+04 0.000000000000000000e+00
2.643217678090000078e+00 3.203721497540000129e+00 0.000000000000000000e+00 6.491689097073670922e+00 1.680800000000000000e+04 0.000000000000000000e+00
3.203721497540000129e+00 3.883082168700000114e+00 0.000000000000000000e+00 4.810463707976538217e+00 2.321200000000000000e+04 0.000000000000000000e+00
3.883082168700000114e+00 4.706503714660000171e+00 0.000000000000000000e+00 3.553201666170408224e+00 3.238800000000000000e+04 0.000000000000000000e+00
4.706503714660000171e+00 5.704534762259999781e+00 0.000000000000000000e+00 2.607825017335168027e+00 4.569600000000000000e+04 0.000000000000000000e+00
5.704534762259999781e+00 6.914201884619999738e+00 0.000000000000000000e+00 1.833631942272549331e+00 6.390600000000000000e+04 0.000000000000000000e+00
6.914201884619999738e+00 8.380383272899999625e+00 0.000000000000000000e+00 1.371827361222552888e+00 9.524600000000000000e+04 0.000000000000000000e+00
8.380383272899999625e+00 1.015747370020000062e+01 0.000000000000000000e+00 9.775451395498782059e-01 1.414020000000000000e+05 0.000000000000000000e+00
1.015747370020000062e+01 1.231140254680000012e+01 0.000000000000000000e+00 7.034794428893289542e-01 2.168860000000000000e+05 0.000000000000000000e+00
1.231140254680000012e+01 1.492207975570000045e+01 0.000000000000000000e+00 4.767242519321028826e-01 3.347800000000000000e+05 0.000000000000000000e+00
1.492207975570000045e+01 1.808636046049999990e+01 0.000000000000000000e+00 3.295293528288352203e-01 5.366900000000000000e+05 0.000000000000000000e+00
1.808636046049999990e+01 2.192163827430000111e+01 0.000000000000000000e+00 2.226021688001744714e-01 8.787720000000000000e+05 0.000000000000000000e+00
2.192163827430000111e+01 2.657020054870000081e+01 0.000000000000000000e+00 1.453425022521190879e-01 1.465858000000000000e+06 0.000000000000000000e+00
2.657020054870000081e+01 3.220450717979999666e+01 0.000000000000000000e+00 9.054399212522201701e-02 2.485222000000000000e+06 0.000000000000000000e+00
3.220450717979999666e+01 3.903358880529999908e+01 0.000000000000000000e+00 5.552446831349877598e-02 4.283076000000000000e+06 0.000000000000000000e+00
3.903358880529999908e+01 4.731080176190000230e+01 0.000000000000000000e+00 2.968765930757255589e-02 7.439752000000000000e+06 0.000000000000000000e+00
4.731080176190000230e+01 5.734322750900000187e+01 0.000000000000000000e+00 1.447807780049159554e-02 1.305152000000000000e+07 0.000000000000000000e+00
5.734322750900000187e+01 6.950306523429999572e+01 0.000000000000000000e+00 6.491170232595822043e-03 2.305652600000000000e+07 0.000000000000000000e+00
6.950306523429999572e+01 8.424144030280000095e+01 0.000000000000000000e+00 1.594878919837894315e-03 4.085464800000000000e+07 0.000000000000000000e+00
8.424144030280000095e+01 1.021051408360000039e+02 0.000000000000000000e+00 2.696292310760739497e-03 7.282563200000000000e+07 0.000000000000000000e+00
1.021051408360000039e+02 1.237569033439999941e+02 0.000000000000000000e+00 1.804955553184495187e-03 1.295577820000000000e+08 0.000000000000000000e+00
1.237569033439999941e+02 1.500000000000000000e+02 0.000000000000000000e+00 -1.397006021441216106e-03 2.299527820000000000e+08 0.000000000000000000e+00
