1.000000000000000021e-02 1.212053598190000053e-02 0.000000000000000000e+00 1.087432563019918416e+04 2.000000000000000000e+00 0.000000000000000000e+00
1.212053598190000053e-02 1.469073924900000071e-02 0.000000000000000000e+00 3.664512379186005273e+04 1.200000000000000000e+01 0.000000000000000000e+00
1.469073924900000071e-02 1.780596336680000114e-02 0.000000000000000000e+00 3.430035833239989734e+04 2.000000000000000000e+01 0.000000000000000000e+00
1.780596336680000114e-02 2.158178196810000074e-02 0.000000000000000000e+00 5.201172494287284644e+04 5.400000000000000000e+01 0.000000000000000000e+00
2.158178196810000074e-02 2.615827648980000031e-02 0.000000000000000000e+00 3.029172893209834001e+04 5.600000000000000000e+01 0.000000000000000000e+00
2.615827648980000031e-02 3.170523314209999777e-02 0.000000000000000000e+00 3.220158693833896177e+04 1.060000000000000000e+02 0.000000000000000000e+00
3.170523314209999777e-02 3.842844191139999782e-02 0.000000000000000000e+00 1.944920898082153144e+04 1.140000000000000000e+02 0.000000000000000000e+00
3.842844191139999782e-02 4.657733129169999708e-02 0.000000000000000000e+00 2.433715550621172224e+04 2.540000000000000000e+02 0.000000000000000000e+00
4.657733129169999708e-02 5.645422198640000222e-02 0.000000000000000000e+00 2.324628373841167559e+04 4.320000000000000000e+02 0.000000000000000000e+00
5.645422198640000222e-02 6.842554289190000416e-02 0.000000000000000000e+00 1.710464383533362343e+04 5.660000000000000000e+02 0.000000000000000000e+00
6.842554289190000416e-02 8.293542547049999325e-02 0.000000000000000000e+00 1.293239345568326098e+04 7.620000000000000000e+02 0.000000000000000000e+00
8.293542547049999325e-02 1.005221808589999988e-01 0.000000000000000000e+00 1.174264057255193984e+04 1.232000000000000000e+03 0.000000000000000000e+00
1.005221808589999988e-01 1.218382710089999932e-01 0.000000000000000000e+00 9.206781696141013526e+03 1.720000000000000000e+03 0.000000000000000000e+00
1.218382710089999932e-01 1.476745147740000097e-01 0.000000000000000000e+00 7.960209866173800947e+03 2.648000000000000000e+03 0.000000000000000000e+00
1.476745147740000097e-01 1.789894269929999948e-01 0.000000000000000000e+00 6.367942093672591909e+03 3.772000000000000000e+03 0.000000000000000000e+00
1.789894269929999948e-01 2.169447790260000120e-01 0.000000000000000000e+00 4.749812238197961051e+03 5.010000000000000000e+03 0.000000000000000000e+00
2.169447790260000120e-01 2.629487000280000264e-01 0.000000000000000000e+00 3.302972731215326803e+03 6.204000000000000000e+03 0.000000000000000000e+00
2.629487000280000264e-01 3.187079180090000019e-01 0.000000000000000000e+00 2.190717878246560758e+03 7.328000000000000000e+03 0.000000000000000000e+00
3.187079180090000019e-01 3.862910787959999981e-01 0.000000000000000000e+00 1.251390063936273464e+03 7.456000000000000000e+03 0.000000000000000000e+00
3.862910787959999981e-01 4.682054920050000013e-01 0.000000000000000000e+00 6.734880821448551842e+02 7.150000000000000000e+03 0.000000000000000000e+00
4.682054920050000013e-01 5.674901512779999546e-01 0.000000000000000000e+00 3.396541906514944458e+02 6.430000000000000000e+03 0.000000000000000000e+00
5.674901512779999546e-01 6.878284797970000142e-01 0.000000000000000000e+00 1.667499343833677017e+02 5.638000000000000000e+03 0.000000000000000000e+00
6.878284797970000142e-01 8.336849838780000521e-01 0.000000000000000000e+00 9.036930422517750117e+01 5.468000000000000000e+03 0.000000000000000000e+00
8.336849838780000521e-01 1.010470884470000108e+00 0.000000000000000000e+00 5.536268375386806895e+01 6.006000000000000000e+03 0.000000000000000000e+00
1.010470884470000108e+00 1.224744871389999989e+00 0.000000000000000000e+00 3.339441524860196608e+01 6.526000000000000000e+03 0.000000000000000000e+00
1.224744871389999989e+00 1.484456428239999903e+00 0.000000000000000000e+00 2.075518217353908312e+01 7.350000000000000000e+03 0.000000000000000000e+00
1.484456428239999903e+00 1.799240755210000042e+00 0.000000000000000000e+00 1.444610955494606408e+01 9.292000000000000000e+03 0.000000000000000000e+00
1.799240755210000042e+00 2.180776231369999874e+00 0.000000000000000000e+00 1.033721004022622481e+01 1.214400000000000000e+04 0.000000000000000000e+00
2.180776231369999874e+00 2.643217678090000078e+00 0.000000000000000000e+00 7.623668547019915920e+00 1.644800000000000000e+04 0.000000000000000000e+00
2.643217678090000078e+00 3.203721497540000129e+00 0.000000000000000000e+00 5.611020694395973507e+00 2.245200000000000000e+04 0.000000000000000000e+00
3.203721497540000129e+00 3.883082168700000114e+00 0.000000000000000000e+00 4.331421765775417043e+00 3.224000000000000000e+04 0.000000000000000000e+00
3.883082168700000114e+00 4.706503714660000171e+00 0.000000000000000000e+00 3.178475220238440535e+00 4.499200000000000000e+04 0.000000000000000000e+00
4.706503714660000171e+00 5.704534762259999781e+00 0.000000000000000000e+00 2.365934350481504467e+00 6.453400000000000000e+04 0.000000000000000000e+00
5.704534762259999781e+00 6.914201884619999738e+00 0.000000000000000000e+00 1.689490097271795221e+00 9.181600000000000000e+04 0.000000000000000000e+00
6.914201884619999738e+00 8.380383272899999625e+00 0.000000000000000000e+00 1.246615208559441079e+00 1.365660000000000000e+05 0.000000000000000000e+00
8.380383272899999625e+00 1.015747370020000062e+01 0.000000000000000000e+00 8.930337161901422682e-01 2.048980000000000000e+05 0.000000000000000000e+00
1.015747370020000062e+01 1.231140254680000012e+01 0.000000000000000000e+00 6.266239340357571130e-01 3.134960000000000000e+05 0.000000000000000000e+00
1.231140254680000012e+01 1.492207975570000045e+01 0.000000000000000000e+00 4.478329937245861814e-01 4.968540000000000000e+05 0.000000000000000000e+00
1.492207975570000045e+01 1.808636046049999990e+01 0.000000000000000000e+00 3.078107373486369536e-01 7.991360000000000000e+05 0.000000000000000000e+00
1.808636046049999990e+01 2.192163827430000111e+01 0.000000000000000000e+00 2.019234664254769829e-01 1.307730000000000000e+06 0.000000000000000000e+00
2.192163827430000111e+01 2.657020054870000081e+01 0.000000000000000000e+00 1.328024194558035109e-01 2.194628000000000000e+06 0.000000000000000000e+00
2.657020054870000081e+01 3.220450717979999666e+01 0.000000000000000000e+00 8.515479118118807200e-02 3.743380000000000000e+06 0.000000000000000000e+00
3.220450717979999666e+01 3.903358880529999908e+01 0.000000000000000000e+00 5.238048501116376876e-02 6.464136000000000000e+06 0.000000000000000000e+00
3.903358880529999908e+01 4.731080176190000230e+01 0.000000000000000000e+00 2.927341782923043034e-02 1.125729200000000000e+07 0.000000000000000000e+00
4.731080176190000230e+01 5.734322750900000187e+01 0.000000000000000000e+00 1.506450827114935720e-02 1.976798000000000000e+07 0.000000000000000000e+00
5.734322750900000187e+01 6.950306523429999572e+01 0.000000000000000000e+00 6.227411988339426330e-03 3.489235400000000000e+07 0.000000000000000000e+00
6.950306523429999572e+01 8.424144030280000095e+01 0.000000000000000000e+00 1.743954065993369440e-03 6.185236800000000000e+07 0.000000000000000000e+00
8.424144030280000095e+01 1.021051408360000039e+02 0.000000000000000000e+00 2.928848753698920504e-03 1.102643700000000000e+08 0.000000000000000000e+00
1.021051408360000039e+02 1.237569033439999941e+02 0.000000000000000000e+00 1.650949870102280670e-03 1.960861680000000000e+08 0.000000000000000000e+00
1.237569033439999941e+02 1.500000000000000000e+02 0.000000000000000000e+00 -1.198442381409869917e-03 3.481570860000000000e+08 0.000000000000000000e+00
