1.000000000000000021e-02 1.100933058000000062e-02 0.000000000000000000e+00 2.745753464710602202e+04 1.000000000000000000e+01 0.000000000000000000e+00
1.100933058000000062e-02 1.212053598190000053e-02 0.000000000000000000e+00 3.292315229154167901e+04 1.600000000000000000e+01 0.000000000000000000e+00
1.212053598190000053e-02 1.334389874319999968e-02 0.000000000000000000e+00 4.626193014401105756e+04 3.000000000000000000e+01 0.000000000000000000e+00
1.334389874319999968e-02 1.469073924900000071e-02 0.000000000000000000e+00 4.391398515158033842e+04 3.800000000000000000e+01 0.000000000000000000e+00
1.469073924900000071e-02 1.617352048560000144e-02 0.000000000000000000e+00 4.676607041943020158e+04 5.400000000000000000e+01 0.000000000000000000e+00
1.617352048560000144e-02 1.780596336680000114e-02 0.000000000000000000e+00 4.413292786179375980e+04 6.800000000000000000e+01 0.000000000000000000e+00
1.780596336680000114e-02 1.960317370000000045e-02 0.000000000000000000e+00 2.918215089483482006e+04 6.000000000000000000e+01 0.000000000000000000e+00
1.960317370000000045e-02 2.158178196810000074e-02 0.000000000000000000e+00 3.061704652211636494e+04 8.400000000000000000e+01 0.000000000000000000e+00
2.158178196810000074e-02 2.376009721919999929e-02 0.000000000000000000e+00 3.387071136929932982e+04 1.240000000000000000e+02 0.000000000000000000e+00
2.376009721919999929e-02 2.615827648980000031e-02 0.000000000000000000e+00 3.684626197799260990e+04 1.800000000000000000e+02 0.000000000000000000e+00
2.615827648980000031e-02 2.879851132790000115e-02 0.000000000000000000e+00 2.761256533498915815e+04 1.800000000000000000e+02 0.000000000000000000e+00
2.879851132790000115e-02 3.170523314209999777e-02 0.000000000000000000e+00 3.195938758446466454e+04 2.780000000000000000e+02 0.000000000000000000e+00
3.170523314209999777e-02 3.490533927759999905e-02 0.000000000000000000e+00 3.359976078349285672e+04 3.900000000000000000e+02 0.000000000000000000e+00
3.490533927759999905e-02 3.842844191139999782e-02 0.000000000000000000e+00 2.750398199689999092e+04 4.260000000000000000e+02 0.000000000000000000e+00
3.842844191139999782e-02 4.230714206769999736e-02 0.000000000000000000e+00 3.106276243484049337e+04 6.420000000000000000e+02 0.000000000000000000e+00
4.230714206769999736e-02 4.657733129169999708e-02 0.000000000000000000e+00 2.741209593151176159e+04 7.560000000000000000e+02 0.000000000000000000e+00
4.657733129169999708e-02 5.127852377239999759e-02 0.000000000000000000e+00 2.483603494431144645e+04 9.140000000000000000e+02 0.000000000000000000e+00
5.127852377239999759e-02 5.645422198640000222e-02 0.000000000000000000e+00 2.374384643742925255e+04 1.166000000000000000e+03 0.000000000000000000e+00
5.645422198640000222e-02 6.215231924839999950e-02 0.000000000000000000e+00 2.044897942674966180e+04 1.340000000000000000e+03 0.000000000000000000e+00
6.215231924839999950e-02 6.842554289190000416e-02 0.000000000000000000e+00 1.994481652937472609e+04 1.744000000000000000e+03 0.000000000000000000e+00
6.842554289190000416e-02 7.533194218109999507e-02 0.000000000000000000e+00 1.775774832883248018e+04 2.072000000000000000e+03 0.000000000000000000e+00
7.533194218109999507e-02 8.293542547049999325e-02 0.000000000000000000e+00 1.732833147928216931e+04 2.698000000000000000e+03 0.000000000000000000e+00
8.293542547049999325e-02 9.130635157960000081e-02 0.000000000000000000e+00 1.539243653125892342e+04 3.198000000000000000e+03 0.000000000000000000e+00
9.130635157960000081e-02 1.005221808589999988e-01 0.000000000000000000e+00 1.416821751592832879e+04 3.928000000000000000e+03 0.000000000000000000e+00
1.005221808589999988e-01 1.106681919699999961e-01 0.000000000000000000e+00 1.274768665360609339e+04 4.716000000000000000e+03 0.000000000000000000e+00
1.106681919699999961e-01 1.218382710089999932e-01 0.000000000000000000e+00 1.142483680197314425e+04 5.640000000000000000e+03 0.000000000000000000e+00
1.218382710089999932e-01 1.341357802829999946e-01 0.000000000000000000e+00 1.043807560348293009e+04 6.876000000000000000e+03 0.000000000000000000e+00
1.341357802829999946e-01 1.476745147740000097e-01 0.000000000000000000e+00 9.526443756477827264e+03 8.374000000000000000e+03 0.000000000000000000e+00
1.476745147740000097e-01 1.625797551379999928e-01 0.000000000000000000e+00 8.382059897748060393e+03 9.832000000000000000e+03 0.000000000000000000e+00
1.625797551379999928e-01 1.789894269929999948e-01 0.000000000000000000e+00 7.561805268282246288e+03 1.183600000000000000e+04 0.000000000000000000e+00
1.789894269929999948e-01 1.970553772089999878e-01 0.000000000000000000e+00 6.737310980082667811e+03 1.407200000000000000e+04 0.000000000000000000e+00
1.970553772089999878e-01 2.169447790260000120e-01 0.000000000000000000e+00 5.820976172557618156e+03 1.622400000000000000e+04 0.000000000000000000e+00
2.169447790260000120e-01 2.388416789900000003e-01 0.000000000000000000e+00 4.963877013132097090e+03 1.846200000000000000e+04 0.000000000000000000e+00
2.388416789900000003e-01 2.629487000280000264e-01 0.000000000000000000e+00 4.095367687515783473e+03 2.032600000000000000e+04 0.000000000000000000e+00
2.629487000280000264e-01 2.894889164180000085e-01 0.000000000000000000e+00 3.366977145370964536e+03 2.230000000000000000e+04 0.000000000000000000e+00
2.894889164180000085e-01 3.187079180090000019e-01 0.000000000000000000e+00 2.640240518623312710e+03 2.333600000000000000e+04 0.000000000000000000e+00
3.187079180090000019e-01 3.508760827819999983e-01 0.000000000000000000e+00 1.978361931228353569e+03 2.333600000000000000e+04 0.000000000000000000e+00
3.508760827819999983e-01 3.862910787959999981e-01 0.000000000000000000e+00 1.498745731279206211e+03 2.359400000000000000e+04 0.000000000000000000e+00
3.862910787959999981e-01 4.252806186559999757e-01 0.000000000000000000e+00 1.074234927122304271e+03 2.257200000000000000e+04 0.000000000000000000e+00
4.252806186559999757e-01 4.682054920050000013e-01 0.000000000000000000e+00 7.755148730317011996e+02 2.175200000000000000e+04 0.000000000000000000e+00
4.682054920050000013e-01 5.154629040839999732e-01 0.000000000000000000e+00 5.322350946471071893e+02 1.993200000000000000e+04 0.000000000000000000e+00
5.154629040839999732e-01 5.674901512779999546e-01 0.000000000000000000e+00 3.776387813356738548e+02 1.888600000000000000e+04 0.000000000000000000e+00
5.674901512779999546e-01 6.247686676310000298e-01 0.000000000000000000e+00 2.668281816112022966e+02 1.782600000000000000e+04 0.000000000000000000e+00
6.247686676310000298e-01 6.878284797970000142e-01 0.000000000000000000e+00 1.916277599763772628e+02 1.710800000000000000e+04 0.000000000000000000e+00
6.878284797970000142e-01 7.572531116409999541e-01 0.000000000000000000e+00 1.357791529369760894e+02 1.621000000000000000e+04 0.000000000000000000e+00
7.572531116409999541e-01 8.336849838780000521e-01 0.000000000000000000e+00 9.743083818454047673e+01 1.556600000000000000e+04 0.000000000000000000e+00
8.336849838780000521e-01 9.178313587080000335e-01 0.000000000000000000e+00 7.297318574475207242e+01 1.561000000000000000e+04 0.000000000000000000e+00
9.178313587080000335e-01 1.010470884470000108e+00 0.000000000000000000e+00 5.459932183059979849e+01 1.565600000000000000e+04 0.000000000000000000e+00
1.010470884470000108e+00 1.112460800860000099e+00 0.000000000000000000e+00 4.087406180704076775e+01 1.573400000000000000e+04 0.000000000000000000e+00
1.112460800860000099e+00 1.224744871389999989e+00 0.000000000000000000e+00 3.235119696634517794e+01 1.672200000000000000e+04 0.000000000000000000e+00
1.224744871389999989e+00 1.348362116529999932e+00 0.000000000000000000e+00 2.698887789127132919e+01 1.872600000000000000e+04 0.000000000000000000e+00
1.348362116529999932e+00 1.484456428239999903e+00 0.000000000000000000e+00 2.250646911917427673e+01 2.098600000000000000e+04 0.000000000000000000e+00
1.484456428239999903e+00 1.634287155009999992e+00 0.000000000000000000e+00 1.918113490934642584e+01 2.404200000000000000e+04 0.000000000000000000e+00
1.634287155009999992e+00 1.799240755210000042e+00 0.000000000000000000e+00 1.622241199483703866e+01 2.737800000000000000e+04 0.000000000000000000e+00
1.799240755210000042e+00 1.980843626710000027e+00 0.000000000000000000e+00 1.412603484241509122e+01 3.208600000000000000e+04 0.000000000000000000e+00
1.980843626710000027e+00 2.180776231369999874e+00 0.000000000000000000e+00 1.217333904326396521e+01 3.728800000000000000e+04 0.000000000000000000e+00
2.180776231369999874e+00 2.400888645209999783e+00 0.000000000000000000e+00 1.023408082496849758e+01 4.243200000000000000e+04 0.000000000000000000e+00
2.400888645209999783e+00 2.643217678090000078e+00 0.000000000000000000e+00 9.065287080506934103e+00 5.073000000000000000e+04 0.000000000000000000e+00
2.643217678090000078e+00 2.910005721290000125e+00 0.000000000000000000e+00 7.914494672875717285e+00 5.995400000000000000e+04 0.000000000000000000e+00
2.910005721290000125e+00 3.203721497540000129e+00 0.000000000000000000e+00 6.681204156273871320e+00 6.893400000000000000e+04 0.000000000000000000e+00
3.203721497540000129e+00 3.527082905259999901e+00 0.000000000000000000e+00 5.726838232915841154e+00 8.055600000000000000e+04 0.000000000000000000e+00
3.527082905259999901e+00 3.883082168700000114e+00 0.000000000000000000e+00 4.894715019133543343e+00 9.419600000000000000e+04 0.000000000000000000e+00
3.883082168700000114e+00 4.275013526450000434e+00 0.000000000000000000e+00 4.196968506020416712e+00 1.108160000000000000e+05 0.000000000000000000e+00
4.275013526450000434e+00 4.706503714660000171e+00 0.000000000000000000e+00 3.537795713418800503e+00 1.291160000000000000e+05 0.000000000000000000e+00
4.706503714660000171e+00 5.181545527059999934e+00 0.000000000000000000e+00 3.049145348648448106e+00 1.537380000000000000e+05 0.000000000000000000e+00
5.181545527059999934e+00 5.704534762259999781e+00 0.000000000000000000e+00 2.577994851993829162e+00 1.812760000000000000e+05 0.000000000000000000e+00
5.704534762259999781e+00 6.280310900279999942e+00 0.000000000000000000e+00 2.210616693066688399e+00 2.170560000000000000e+05 0.000000000000000000e+00
6.280310900279999942e+00 6.914201884619999738e+00 0.000000000000000000e+00 1.867655634754133320e+00 2.586980000000000000e+05 0.000000000000000000e+00
6.914201884619999738e+00 7.612073424460000126e+00 0.000000000000000000e+00 1.582920396659598161e+00 3.109280000000000000e+05 0.000000000000000000e+00
7.612073424460000126e+00 8.380383272899999625e+00 0.000000000000000000e+00 1.338752226135801582e+00 3.756780000000000000e+05 0.000000000000000000e+00
8.380383272899999625e+00 9.226240983829999465e+00 0.000000000000000000e+00 1.133994358048917128e+00 4.574120000000000000e+05 0.000000000000000000e+00
9.226240983829999465e+00 1.015747370020000062e+01 0.000000000000000000e+00 9.582168978909038071e-01 5.600900000000000000e+05 0.000000000000000000e+00
1.015747370020000062e+01 1.118269858230000047e+01 0.000000000000000000e+00 8.035242369206281321e-01 6.883380000000000000e+05 0.000000000000000000e+00
1.118269858230000047e+01 1.231140254680000012e+01 0.000000000000000000e+00 6.777694649826599971e-01 8.544660000000000000e+05 0.000000000000000000e+00
1.231140254680000012e+01 1.355403005410000006e+01 0.000000000000000000e+00 5.666067325048584902e-01 1.064646000000000000e+06 0.000000000000000000e+00
1.355403005410000006e+01 1.492207975570000045e+01 0.000000000000000000e+00 4.657163776932486954e-01 1.329162000000000000e+06 0.000000000000000000e+00
1.492207975570000045e+01 1.642821089719999961e+01 0.000000000000000000e+00 3.834514972972136171e-01 1.674074000000000000e+06 0.000000000000000000e+00
1.642821089719999961e+01 1.808636046049999990e+01 0.000000000000000000e+00 3.142764299238718362e-01 2.122170000000000000e+06 0.000000000000000000e+00
1.808636046049999990e+01 1.991187212979999899e+01 0.000000000000000000e+00 2.616385065032846846e-01 2.718386000000000000e+06 0.000000000000000000e+00
1.991187212979999899e+01 2.192163827430000111e+01 0.000000000000000000e+00 2.114681579096011621e-01 3.483140000000000000e+06 0.000000000000000000e+00
2.192163827430000111e+01 2.413425626169999916e+01 0.000000000000000000e+00 1.727806723286064994e-01 4.499440000000000000e+06 0.000000000000000000e+00
2.413425626169999916e+01 2.657020054870000081e+01 0.000000000000000000e+00 1.361320670787506959e-01 5.816386000000000000e+06 0.000000000000000000e+00
2.657020054870000081e+01 2.925201214169999986e+01 0.000000000000000000e+00 1.072367083041751989e-01 7.563932000000000000e+06 0.000000000000000000e+00
2.925201214169999986e+01 3.220450717979999666e+01 0.000000000000000000e+00 8.631957247942989575e-02 9.902560000000000000e+06 0.000000000000000000e+00
3.220450717979999666e+01 3.545500657080000195e+01 0.000000000000000000e+00 6.548547114660796531e-02 1.296045200000000000e+07 0.000000000000000000e+00
3.545500657080000195e+01 3.903358880529999908e+01 0.000000000000000000e+00 4.888133939708039222e-02 1.702478800000000000e+07 0.000000000000000000e+00
3.903358880529999908e+01 4.297336828809999787e+01 0.000000000000000000e+00 3.715462527154556049e-02 2.246371600000000000e+07 0.000000000000000000e+00
4.297336828809999787e+01 4.731080176190000230e+01 0.000000000000000000e+00 2.710418250767432369e-02 2.968488200000000000e+07 0.000000000000000000e+00
4.731080176190000230e+01 5.208602566009999890e+01 0.000000000000000000e+00 1.955269539487813901e-02 3.931997600000000000e+07 0.000000000000000000e+00
5.208602566009999890e+01 5.734322750900000187e+01 0.000000000000000000e+00 1.278397054049085213e-02 5.211984600000000000e+07 0.000000000000000000e+00
5.734322750900000187e+01 6.313105481699999899e+01 0.000000000000000000e+00 9.687017341368786560e-03 6.933552600000000000e+07 0.000000000000000000e+00
6.313105481699999899e+01 6.950306523429999572e+01 0.000000000000000000e+00 5.873719462745619069e-03 9.217120000000000000e+07 0.000000000000000000e+00
6.950306523429999572e+01 7.651822214870000494e+01 0.000000000000000000e+00 3.031008286744629743e-03 1.226447260000000000e+08 0.000000000000000000e+00
7.651822214870000494e+01 8.424144030280000095e+01 0.000000000000000000e+00 1.324044384338307623e-03 1.633773700000000000e+08 0.000000000000000000e+00
8.424144030280000095e+01 9.274418648280000355e+01 0.000000000000000000e+00 2.724442178617891841e-03 2.183140040000000000e+08 0.000000000000000000e+00
9.274418648280000355e+01 1.021051408360000039e+02 0.000000000000000000e+00 3.768917486684841833e-03 2.916194420000000000e+08 0.000000000000000000e+00
1.021051408360000039e+02 1.124109249379999937e+02 0.000000000000000000e+00 2.747028825907493754e-03 3.887378720000000000e+08 0.000000000000000000e+00
1.124109249379999937e+02 1.237569033439999941e+02 0.000000000000000000e+00 4.011665431624678035e-05 5.173275760000000000e+08 0.000000000000000000e+00
1.237569033439999941e+02 1.362480660470000089e+02 0.000000000000000000e+00 -1.118220158688343346e-03 6.895170920000000000e+08 0.000000000000000000e+00
1.362480660470000089e+02 1.500000000000000000e+02 0.000000000000000000e+00 -1.767098966650504366e-03 9.194869340000000000e+08 0.000000000000000000e+00
