1.251303815020161419e+05
7.199713091157833696e+04
1.315498921947004565e+05
1.237755384758064465e+05
1.037856896988407243e+05
8.533624974741754704e+04
6.950443067477318982e+04
5.428027144007181050e+04
4.468190474649587850e+04
3.363641614194696740e+04
2.361186350534002122e+04
1.687833665218336319e+04
1.180719616755172865e+04
7.955876461826905143e+03
5.600493416785404406e+03
3.806836087274014062e+03
2.518218830993596384e+03
1.683479069467822001e+03
1.096716711443370059e+03
7.206078632011998479e+02
4.578528991340376137e+02
2.864324895194233136e+02
1.753683355258576739e+02
1.042021036176544158e+02
6.021639931582043204e+01
3.402051751910200750e+01
1.881525524492882795e+01
1.078457280268418472e+01
6.932053794151538995e+00
4.982716058259279990e+00
3.745627768153471315e+00
2.829377811783408081e+00
2.070766584945705979e+00
1.543457299881976441e+00
1.114735101410291085e+00
7.974071378328886350e-01
5.750235238990588638e-01
4.076331479845134997e-01
2.853572988258779586e-01
2.012919204148508334e-01
1.265724607823857650e-01
8.028277363433347635e-02
4.894196079241761033e-02
2.803044431754321206e-02
1.556400005886125065e-02
7.190799930700963669e-03
2.207048480415332598e-03
3.155161498375429977e-03
1.237216649198336982e-03
-1.118352399972861230e-03
