4.160042401073744259e+04
4.179957364887096628e+04
4.642947769054851233e+04
3.540245146228162048e+04
3.356677201924461406e+04
3.659885814753836166e+04
3.182967494126450765e+04
2.275022686502143188e+04
1.914384619069385735e+04
1.363521079715790256e+04
1.018119559767585088e+04
7.736820261791753182e+03
5.470139596552075091e+03
3.792315780436094883e+03
2.731382857826885811e+03
1.905346508246598205e+03
1.345144353984482905e+03
9.392666082014185349e+02
6.477420891049100646e+02
4.372986145080621441e+02
2.903436108373998650e+02
1.846606089729572489e+02
1.148138386514617224e+02
6.814131561145227067e+01
3.883441454049669517e+01
2.159512033060657288e+01
1.248713334518381401e+01
7.817591870685508759e+00
5.374978038674824710e+00
3.929259675132724450e+00
2.910399912062668903e+00
2.133183554288245354e+00
1.591421408063868670e+00
1.171821838100320035e+00
8.497756539915857221e-01
6.107870995326537544e-01
4.377437916136577289e-01
3.100590709524836952e-01
2.145936268887983778e-01
1.450458230976812424e-01
9.502527498212656742e-02
5.926196757341376659e-02
3.564251569193431501e-02
1.959320184397010667e-02
1.019378561938181355e-02
4.573369830233043644e-03
1.146516677076934001e-03
2.196806771269024707e-03
6.996455157892204034e-04
-8.748453238290776653e-04
