9.868720189807676070e+04
7.734003781398746651e+04
7.417965285524151113e+04
5.498395266463498410e+04
4.909574581819762534e+04
4.771305475392737571e+04
4.615710188151822513e+04
3.132084264720348801e+04
2.531160140775821856e+04
2.145992040604567228e+04
1.628893124755827739e+04
1.236430375112709226e+04
8.764308514132048003e+03
6.470236688321696420e+03
4.597954199593901649e+03
3.277968435371048599e+03
2.315215238332256376e+03
1.649880493875044067e+03
1.141559121732159610e+03
7.953198216851224061e+02
5.346500346469383658e+02
3.528130246539082577e+02
2.255054288770729443e+02
1.364705265884919072e+02
8.026481281061384720e+01
4.503175590738156586e+01
2.423214901951226352e+01
1.325368429108237756e+01
7.958483172787544468e+00
5.513296844888767367e+00
4.021143517195490347e+00
2.972983017528606275e+00
2.210023934583631888e+00
1.595070913579094807e+00
1.173461239137454371e+00
8.469731004400257168e-01
5.867354744598911598e-01
4.168508877866831663e-01
2.922734025138594149e-01
1.957977174373194129e-01
1.279250862542669898e-01
8.295882844759303043e-02
5.095631384280639720e-02
2.666609106649794197e-02
1.365125329442073987e-02
5.164227357520138027e-03
1.567384012199399268e-03
3.312844729931101791e-03
1.054099049753381067e-03
-9.921504728020273667e-04
