1.856645489807226841e+04
5.153802935343696299e+04
2.093221279419055645e+04
1.055538496857592691e+04
1.408151579770480384e+04
2.889966798681793080e+04
2.918310941555600948e+04
1.482213565660741733e+04
1.355628487634518387e+04
1.516314061036743260e+04
2.026067769605412832e+04
2.142257038846276919e+04
1.076403199626702553e+04
1.152485489395501645e+04
1.020892516550497203e+04
9.495133265169930382e+03
9.292349172853046184e+03
7.313772618101527769e+03
7.082486924026102315e+03
6.056216245103625624e+03
4.977985276987733414e+03
4.174613083466838361e+03
3.747766340912267424e+03
3.150560760327006392e+03
2.552685408558234485e+03
2.189042141389257267e+03
1.855779888957094045e+03
1.537006760772014786e+03
1.309162879523114043e+03
1.123750746766371094e+03
9.301665988050127680e+02
7.805688049773590365e+02
6.427119125880757338e+02
5.354759703385011562e+02
4.451986107452053147e+02
3.607791750014798140e+02
2.992361254518525016e+02
2.444674891587843888e+02
1.979415005938646175e+02
1.583642782071642330e+02
1.258596935921538744e+02
9.971919236915951501e+01
7.726470343181739509e+01
6.004704230433234358e+01
4.625116091125708095e+01
3.531069210701967620e+01
2.683611855437839111e+01
2.052816338913649474e+01
1.585935806720087982e+01
1.237218826185916143e+01
9.878254165381886054e+00
7.987660325595722810e+00
6.588904121458310392e+00
5.526257899881439783e+00
4.698256359558426354e+00
3.994813028385332476e+00
3.439009107284371147e+00
2.970536711411118969e+00
2.563687153793687390e+00
2.213825323521104949e+00
1.916614692342848203e+00
1.648936787850468155e+00
1.421632999255229457e+00
1.229480389792374950e+00
1.056511440176035599e+00
9.087137331684319586e-01
7.816945639432731907e-01
6.735838993358599369e-01
5.769877350180870890e-01
4.919753957873068129e-01
4.201414238788028777e-01
3.574327641623640806e-01
3.028628529422685012e-01
2.547603822600632562e-01
2.145248241197567629e-01
1.782094359797429528e-01
1.474627623498413198e-01
1.222571420738861742e-01
1.004128730992451118e-01
8.166514755488225863e-02
6.598681724713273411e-02
5.262359668147130465e-02
4.167439174721527390e-02
3.265096882370542575e-02
2.510493578448843438e-02
1.906196381381213348e-02
1.433405584514295741e-02
1.053789325871565784e-02
7.540376193505565414e-03
5.219208695808536143e-03
3.600650674030562645e-03
2.208289173907446602e-03
1.090945384315117990e-03
4.858350419684745935e-04
9.266446186591204741e-04
1.417294696766925122e-03
1.008912231640776485e-03
2.752580595672290785e-05
-3.800576468019761247e-04
-5.603348086599734077e-04
