1.502353346187766874e+04
2.175397230964774280e+04
1.861751196132429322e+04
2.153924572243596049e+04
2.024769158005775535e+04
1.581177943989119558e+04
1.385144929658308320e+04
1.206252169238254464e+04
9.168260660350018952e+03
7.512423008440536250e+03
5.167378101658409832e+03
3.802151157692901961e+03
2.928591000486480880e+03
1.987909749848021647e+03
1.441977526631571891e+03
1.005833318206203558e+03
7.010246296830637220e+02
4.856965575915191380e+02
3.284473714744146378e+02
2.158757169998958148e+02
1.364367255586055592e+02
8.310890003257532044e+01
4.866419429186649381e+01
2.774469022847437216e+01
1.590621424677965834e+01
9.759430253497189511e+00
6.579004112028969509e+00
4.741122014926075323e+00
3.482334721397726707e+00
2.595025775045648242e+00
1.947494602153827081e+00
1.443663979066706515e+00
1.062560904621191682e+00
7.866269423788162518e-01
5.776879968360272288e-01
4.190590939634966650e-01
3.007582167795166406e-01
2.120204161327138292e-01
1.452310140646294878e-01
9.795909813521681830e-02
6.368633970697201718e-02
3.999970690086956243e-02
2.388687616322993437e-02
1.348915899502618060e-02
7.130815681382593994e-03
3.364652295658156905e-03
8.603633055508564829e-04
1.210606768463227218e-03
4.687287006231429052e-04
-5.134697872234512614e-04
