2.157706734202323714e+05
7.157094081506479415e+04
8.209196202890339191e+04
7.989407096911307599e+04
8.747521680427111278e+04
7.221782077075658890e+04
5.879280814649465174e+04
5.166403830356622348e+04
4.379279232375355787e+04
3.181214624826080035e+04
2.320584433191968492e+04
1.807619176257386789e+04
1.256003721766009403e+04
9.279925998125312617e+03
6.338107090570277251e+03
4.462971170105541205e+03
3.102477388179384889e+03
2.100045585474475502e+03
1.445519503454771893e+03
9.712384339780553546e+02
6.504215837774656848e+02
4.180881510919719517e+02
2.653517380643768320e+02
1.630244356905354834e+02
9.618734645312731857e+01
5.503233139558553688e+01
3.028273310465059964e+01
1.627704090369634926e+01
9.383144385855867853e+00
6.237692797188936211e+00
4.523159043192174877e+00
3.264561088053567595e+00
2.437031818441118602e+00
1.786572221331629073e+00
1.350829988414278926e+00
9.533956430792601688e-01
6.699651210558534853e-01
4.765220695340145474e-01
3.392831430427640793e-01
2.353915807706700725e-01
1.591490330794776142e-01
9.437427516826873974e-02
5.647393542186699561e-02
3.024257825416595477e-02
1.354957755845518155e-02
7.060193152890479121e-03
3.434272407404299031e-03
3.834978347794769284e-03
1.505391213873767458e-03
-1.070707158697030946e-03
