3.488115593220338924e+05
8.720345233050847310e+04
-6.500000000000000222e-01
9.099473286661753082e+04
4.982983704600484634e+04
6.127812528630324960e+04
4.443477825758393737e+04
3.475270701732441375e+04
2.688626724997421479e+04
2.129273336593991553e+04
1.869047315928264288e+04
1.579426918649270920e+04
1.133276753915468726e+04
8.248014099286299825e+03
5.443481678736467074e+03
4.316305872928836834e+03
3.383523956921715580e+03
2.141968526414432745e+03
1.667245397443470665e+03
1.182880297976908196e+03
8.048179077885827155e+02
5.511393421306054279e+02
3.688596952607109074e+02
2.371585589808136945e+02
1.479642893484094657e+02
7.990903594043606972e+01
4.103613921427509581e+01
2.200393056534622716e+01
1.145311808855325175e+01
7.187993023146715288e+00
4.858314598146372454e+00
3.826830280677388618e+00
2.719376475078050248e+00
2.110690110255142748e+00
1.478235635455081853e+00
9.962008623424958298e-01
7.328228936555465367e-01
4.736043872240608410e-01
3.421586025232591921e-01
2.287670379913988861e-01
1.732148548967668289e-01
1.058338209591532936e-01
5.989749643961805176e-02
3.999551182130470922e-02
2.324102485746197891e-02
8.310141590446587512e-03
3.179764554413035300e-03
2.455138951276201846e-03
5.082271447002063370e-04
-1.276972606038715655e-03
