4.532576402225941274e+04
8.716435388895620417e+04
8.542051681118401757e+04
7.172370762863023265e+04
6.033866701864945207e+04
5.368540742752931692e+04
4.405939506133102259e+04
3.858463732151947625e+04
3.130324409488521633e+04
2.523750202969388556e+04
1.936207618804945741e+04
1.506921538391792274e+04
1.051809628104937838e+04
7.891726061625534385e+03
5.603802968278894696e+03
4.134507098761723682e+03
2.846982266457969217e+03
2.051198777297395281e+03
1.440713230958501981e+03
9.869356671719554015e+02
6.833153914695968751e+02
4.616635534361577697e+02
2.996803996454361254e+02
1.878914657249669915e+02
1.118178400836721664e+02
6.234399983561959857e+01
3.339494528223266911e+01
1.746449708756645336e+01
1.003016399540069692e+01
6.576784523706887597e+00
4.614208235475723896e+00
3.323544124242948428e+00
2.490508593122788827e+00
1.844210886038551767e+00
1.334416446935321687e+00
9.684430067143655618e-01
6.753369799194095524e-01
4.896541763873213382e-01
3.343172850894605141e-01
2.297837490238014702e-01
1.470737035811081062e-01
9.608063761201496300e-02
5.788086753063646089e-02
3.162503171600859059e-02
1.468513544963011980e-02
7.560586883058796441e-03
2.087962641737853460e-03
3.923630027984575594e-03
1.024757382064014595e-03
-1.878551196627815598e-03
