7.648165184630104341e+04
3.377209951654851466e+04
4.777555123915577133e+04
3.338175898291680642e+04
3.727933984066865378e+04
2.921046898448845241e+04
2.538826117784314920e+04
1.874152615805682581e+04
1.483676304973310471e+04
1.017793425009238672e+04
7.362011982198394435e+03
5.162918180634028431e+03
3.455897159488217312e+03
2.246162963108650729e+03
1.484278793066089293e+03
9.669462494378308293e+02
6.249519156238256983e+02
4.036996225716480922e+02
2.547051942724264393e+02
1.586661731444048655e+02
9.695402863847115782e+01
5.761912965365193173e+01
3.393034037222458466e+01
2.003738200796121305e+01
1.226714743489027271e+01
8.109658545081597225e+00
5.869777741073717969e+00
4.483720133666933449e+00
3.437917308709582453e+00
2.621065572347220485e+00
1.988410095611619077e+00
1.493738054166840579e+00
1.116727672357143319e+00
8.283343850564688360e-01
6.083164153907858474e-01
4.425394731793359515e-01
3.195116110970290801e-01
2.261955892333015194e-01
1.564402040196056221e-01
1.058122161422843793e-01
6.930354252036867446e-02
4.380436158043701095e-02
2.583539301337697131e-02
1.470464128960399276e-02
7.748404454212058125e-03
3.480916442590868600e-03
1.091510259467298955e-03
1.381409515752804289e-03
6.633302639009417421e-04
-5.436602914519947632e-04
