1.208367263616116397e+05
7.557156006000477646e+04
1.081773034404348437e+05
6.896117573395423824e+04
7.812817495950596640e+04
6.054016072126453946e+04
5.561444584130473231e+04
4.350354856688421569e+04
3.611982573821677215e+04
2.599824598938510462e+04
1.975197391997131854e+04
1.459553091319925989e+04
1.038140764259074240e+04
7.089268332567123252e+03
4.957375730003270291e+03
3.508834453240352559e+03
2.422862925141577762e+03
1.625754569149804411e+03
1.090018225778154374e+03
7.181128997951541351e+02
4.727638418030347225e+02
3.004618676257431957e+02
1.866821587537407368e+02
1.115015929438709605e+02
6.596308374272470587e+01
3.606221927175602104e+01
2.015023717429349048e+01
1.125468196428490764e+01
7.153575814747374473e+00
5.051283134803696839e+00
3.724016185305426774e+00
2.811952542607392136e+00
2.076890333762159369e+00
1.525896149445611139e+00
1.105025687239490129e+00
7.917619620767752942e-01
5.687001098875460459e-01
4.087105705771625908e-01
2.827423521484357938e-01
1.876969281874131257e-01
1.213308894486568729e-01
7.570194830450291401e-02
4.572845903590423700e-02
2.463604527624908488e-02
1.396841061244897576e-02
6.408137927305974577e-03
5.086981065545707502e-04
2.283428973055672603e-03
1.157157704512490901e-03
-1.054033267142803114e-03
