7.842172591002850095e+04
3.839283762361497065e+04
2.892905638882042695e+04
2.276716705930913668e+04
2.671864939577208133e+04
2.262447141382459813e+04
1.464513322316441190e+04
1.365370125347249450e+04
1.176595748037353223e+04
8.999142349693054712e+03
6.225805392808818397e+03
4.534613110584416063e+03
3.110585035427110142e+03
2.236947834005696677e+03
1.547199254357845120e+03
1.083659637558546137e+03
7.523716711801841939e+02
5.181278801851476601e+02
3.503079429299966705e+02
2.347010235182234226e+02
1.525196503919617044e+02
9.572501025590099744e+01
5.852043798737276603e+01
3.477905143332261417e+01
2.047142095449868648e+01
1.245575088263330343e+01
8.030832817660353840e+00
5.487541883342243132e+00
3.949521268683390485e+00
2.896229450043659170e+00
2.160287826294204461e+00
1.614565809249597805e+00
1.198319810482076253e+00
8.832765478776715140e-01
6.460584822006520955e-01
4.685998411498292215e-01
3.357856464275701391e-01
2.358632384841156115e-01
1.632993229571784721e-01
1.104898453634684391e-01
7.219512762922715432e-02
4.538451999723641661e-02
2.726985813381941140e-02
1.494790145277970043e-02
7.613464146331008417e-03
3.374853590835756763e-03
9.643977751347555111e-04
1.407496534093911726e-03
6.876348632646416383e-04
-5.769426191215299695e-04
