1.636686030927835091e+05
1.025007867853795615e+05
1.622710594766058784e+05
8.607840051546391624e+04
1.173795802483598818e+05
8.458395121074082272e+04
7.769067062907636864e+04
6.250055882243477390e+04
5.555206364622896945e+04
3.968131812811305281e+04
2.973998458615992422e+04
2.326307657496449974e+04
1.680823781674735801e+04
1.217623411134115850e+04
8.669941388068553351e+03
6.143596863220121122e+03
4.401108764701983091e+03
3.081594316886649267e+03
2.126087725053648228e+03
1.453558796907500437e+03
9.922472233407147542e+02
6.617658442707531776e+02
4.322305089705552632e+02
2.716606558636224236e+02
1.664001786735312578e+02
9.879280801750144292e+01
5.542311239130462042e+01
3.015805521221380303e+01
1.582197693353341172e+01
8.894900440486065207e+00
5.863057395180799602e+00
4.167309943329689403e+00
3.117031205636975333e+00
2.272210942994691063e+00
1.662183438207225139e+00
1.181773479465193954e+00
8.379846622460844774e-01
5.960891539765084124e-01
4.118534486640055836e-01
2.855732204413322095e-01
1.853331742630598411e-01
1.149690384247892272e-01
7.253096341544107428e-02
4.193009181583066264e-02
2.094013920296884657e-02
8.715561591579011613e-03
2.034141939957013860e-03
3.954540080569506240e-03
1.577091515617598180e-03
-2.884973271806917454e-04
