6.471698113207547431e+04
3.883048867924528167e+04
1.164908660377358610e+05
7.994510904550498526e+04
3.733694103773585084e+04
5.053222499353838066e+04
3.256742276323798069e+04
3.077097216091135488e+04
2.472339447742209086e+04
1.839925149638589210e+04
1.708629228063270421e+04
1.291369176259304186e+04
8.594619893305005462e+03
6.896010799563184264e+03
5.075440236681321039e+03
3.548428929584366870e+03
2.625965308577012365e+03
1.813548966797486173e+03
1.263943997481837869e+03
8.660888176644119767e+02
6.286750238271736180e+02
4.202848702592688142e+02
2.619131069259278775e+02
1.577155112758311475e+02
9.545217388181039553e+01
5.290458510169688111e+01
2.782291211322170810e+01
1.351937708294583551e+01
8.205758582731869311e+00
5.715058934240198063e+00
4.095308080225360747e+00
3.193828111441186390e+00
2.225132737700839414e+00
1.690370784707784235e+00
1.192364888917594623e+00
8.468852278180741822e-01
6.095415658287093308e-01
4.165666910901137387e-01
2.869817796512415531e-01
1.866666623832844707e-01
1.231254959043860536e-01
8.772334164805872803e-02
5.021776253955560765e-02
2.585783912313899258e-02
1.253146059577327741e-02
1.443258125776031298e-03
2.755173886132820417e-04
3.701854207622571995e-03
-8.341190265432187143e-04
-1.681020588683497215e-03
