4.656108597285067663e+04
2.048717782805430033e+04
3.259306018099547873e+04
2.629392207878626868e+04
3.169757583536373204e+04
3.176337782805430106e+04
2.874788340388264987e+04
2.356154576965764863e+04
1.613948598047689484e+04
1.406034550069288889e+04
1.091787328841876842e+04
8.783581585474697931e+03
5.884264536960627993e+03
4.483681028409249848e+03
3.058073173813655558e+03
2.248379478033397845e+03
1.504946072306666338e+03
1.069460501732910870e+03
7.286827706098576982e+02
4.861362940727390196e+02
3.251208963805365784e+02
2.079194818692197373e+02
1.280531549618383735e+02
7.280333840867125161e+01
4.068046984125116694e+01
2.152442766535503438e+01
1.239835289228103399e+01
7.617238446665215434e+00
5.450592658075140484e+00
4.028712590148658457e+00
2.953173867378530826e+00
2.208481903469798446e+00
1.610571058621435458e+00
1.214531758693975894e+00
8.991609211666400370e-01
6.374651752226020429e-01
4.469135481467998994e-01
3.125112491949780802e-01
2.141146945480405517e-01
1.426433995685691680e-01
9.365398701256208436e-02
6.069816378417995650e-02
3.867919112004927773e-02
2.156807700314158568e-02
9.335193398242520868e-03
4.306560832228141511e-03
1.242255413868831402e-03
1.291941173786324533e-03
-3.602735581759498353e-04
-8.582778665724284618e-04
