5.288788949566334486e+04
1.740923029232251793e+04
2.952937163507869991e+04
1.788915380000377991e+04
2.269370258407669826e+04
2.517587205444248320e+04
1.821236839890987903e+04
1.681423656607410157e+04
1.184783198673919105e+04
9.437549435937182352e+03
7.367324567538827068e+03
5.535251112958776503e+03
3.831923178133366491e+03
2.748868426753609583e+03
1.895837091431616045e+03
1.334064960809900867e+03
8.858310057438419562e+02
5.993966537401128107e+02
4.002825105909629997e+02
2.640762376132793179e+02
1.677462502430368829e+02
1.025345572828831138e+02
6.083595542529790379e+01
3.325655676309182951e+01
1.852602326210288552e+01
1.081556366243021650e+01
7.149158751346852192e+00
5.132151915363929007e+00
3.831838295906815350e+00
2.870405832356508924e+00
2.146258080487615238e+00
1.593142436822745145e+00
1.187790346816629095e+00
8.673655754827980235e-01
6.379606914926126970e-01
4.627911187986614716e-01
3.276643756073394087e-01
2.328973265948262317e-01
1.611757492453171348e-01
1.089989500985631410e-01
7.088362145972086636e-02
4.501134875514262168e-02
2.685599794193813464e-02
1.507405659825981903e-02
8.601645427854392317e-03
4.864555067072121736e-03
1.658551122091866644e-03
1.615610719248009855e-03
5.692287051746119193e-04
-6.630799807350299833e-04
