2.420165221018348893e+04
2.484485078632543446e+04
3.645045202515361598e+04
2.708166182468590705e+04
3.439060814858732920e+04
3.035794270553665410e+04
2.759324100510298740e+04
1.718497222485823295e+04
1.548497748904171567e+04
1.075186511871705443e+04
8.866143076322876368e+03
6.236693487354567878e+03
4.377438127796704066e+03
3.066242699599703428e+03
2.157179185825709283e+03
1.516317821247814891e+03
1.062659239830173647e+03
7.334266693712452252e+02
5.019636467406361362e+02
3.409112417481664465e+02
2.227665227986050525e+02
1.405095814810253501e+02
8.542525063349449965e+01
5.084712161955240362e+01
2.926376591845395581e+01
1.670379445518575423e+01
1.018426209755441292e+01
6.611694457535901570e+00
4.697615378569809153e+00
3.432314282972641628e+00
2.548696331519042513e+00
1.910294254914405299e+00
1.416108556180348366e+00
1.038148781541262666e+00
7.591590463296206126e-01
5.481524481951292049e-01
3.890290533512816840e-01
2.754542346528863206e-01
1.897174331278031756e-01
1.290140589131634763e-01
8.449283906262547439e-02
5.361261271735245915e-02
3.195155230925057765e-02
1.791464896904667800e-02
9.467640478123637293e-03
4.228146105519306301e-03
9.904914438363084453e-04
1.401903945011358146e-03
2.845428650803111920e-04
-6.754546982291040119e-04
