7.815926519579192973e+04
5.282217098396927759e+04
9.318992883234532201e+04
8.417167636469900026e+04
6.914095094243132917e+04
5.834919041734250641e+04
4.589042025017350534e+04
3.645062524046752515e+04
2.863316707936356397e+04
2.131031197235389118e+04
1.450343215536704156e+04
1.013101564466060881e+04
6.915902689580292645e+03
4.495871646552446691e+03
3.013443136218200380e+03
2.013824977059385674e+03
1.297097332321816566e+03
8.444770394571024781e+02
5.417512062891634059e+02
3.421876629537717918e+02
2.091503370335459806e+02
1.260250109971582333e+02
7.498582602366562355e+01
4.312844879237531615e+01
2.473111573262674767e+01
1.440570028214024134e+01
8.916508918912509074e+00
6.178464146021630299e+00
4.609794969777003537e+00
3.550300611717196020e+00
2.725781028550769758e+00
2.051366768766016424e+00
1.526052567833870777e+00
1.120501761257533646e+00
8.218218676048082427e-01
6.027938789540492337e-01
4.328389212092533800e-01
3.089249747314652406e-01
2.107764504206340594e-01
1.435435725680719032e-01
9.447828056102215710e-02
5.915355006135920857e-02
3.525633050411827035e-02
2.003034553696049144e-02
1.061666822277960130e-02
5.727700277269197685e-03
2.136524049324544337e-03
2.486184079543105833e-03
9.880028189549914727e-04
-6.932170647731792116e-04
