6.261584261338122451e+04
4.670550965424336755e+04
7.808653733401757199e+04
7.275771613830263959e+04
5.812501476201166952e+04
4.727612725589420006e+04
3.824103497651922953e+04
3.035944098210049924e+04
2.330619086536710893e+04
1.688408786296295511e+04
1.151965050773077019e+04
7.902241996731228937e+03
5.280805726937292093e+03
3.478858238455214632e+03
2.296321577324244572e+03
1.489113256165167058e+03
9.612712642008863213e+02
6.142555090435664624e+02
3.894155445550450168e+02
2.412205022584804226e+02
1.465960702583639090e+02
8.789160231378447463e+01
5.087667863526859691e+01
2.947015442988664802e+01
1.729171598711760893e+01
1.068640268764127477e+01
7.281568790899179078e+00
5.386300644665309001e+00
4.129513761937903205e+00
3.200455778575903132e+00
2.454602196577304163e+00
1.839911101526718218e+00
1.371438183475690797e+00
1.022031528604633088e+00
7.496369718649201763e-01
5.419323847664251348e-01
3.906906291049990765e-01
2.778732976089083317e-01
1.904734265766988011e-01
1.280059250190979381e-01
8.269000573043844282e-02
5.263566348751898966e-02
3.134590782689573168e-02
1.841950371786961818e-02
9.240315415276629737e-03
4.484186572978724611e-03
1.184052467066856870e-03
1.712391681412965289e-03
1.141383135972442011e-03
-6.889231473412844951e-04
