3.669814907848712028e+04
1.019392752179984964e+05
8.073597797265647387e+04
6.277320895003440091e+04
9.503818735709573957e+04
8.700922846027824562e+04
6.852173343560930516e+04
5.394315428454182256e+04
4.078394771538026544e+04
3.013738192479575082e+04
2.601809826631991018e+04
1.752914115558256162e+04
1.363151897566063781e+04
1.019811628701667905e+04
7.443670818818663065e+03
5.410787669641653338e+03
3.857022338432581364e+03
2.752987761306490029e+03
1.934640244412848688e+03
1.364733988405639820e+03
9.625377288235105198e+02
6.461826114871507798e+02
4.267415180364733942e+02
2.775064202610440702e+02
1.677315510291980729e+02
1.005920299647468710e+02
5.567656527766600050e+01
2.886948225290189285e+01
1.488310856707811958e+01
8.742383985044405392e+00
5.998750983664317360e+00
4.241440880431900595e+00
3.123409866746491570e+00
2.240125354508668121e+00
1.607287477508417828e+00
1.170512518218328024e+00
8.131699425247389534e-01
5.724184815603190479e-01
4.032355229743221914e-01
2.748301676125853854e-01
1.818736958758720157e-01
1.157870952488331412e-01
7.232525103929027255e-02
4.357808545478043111e-02
2.099698757540335511e-02
9.573136060944453796e-03
1.569275755591518356e-03
3.825209675426497705e-03
-3.079697704465672809e-04
-6.865475037172772245e-04
