8.353666052515902265e+04
9.661044108563530608e+04
3.237220941902259801e+04
6.228825148942779924e+04
4.155864267347748682e+04
4.367250637742707477e+04
3.763840299273458368e+04
2.658377621747459852e+04
2.123490029264493933e+04
1.737604298076008854e+04
1.229536246075135386e+04
9.576143512280114010e+03
7.121904355942154325e+03
5.057093119301800471e+03
3.572528734615278609e+03
2.506773449608578176e+03
1.782107386525809943e+03
1.235927047083102480e+03
8.603299700826703429e+02
5.853902442150990737e+02
3.899495014769431123e+02
2.509172283647984045e+02
1.578164694409927336e+02
9.508067384309744341e+01
5.516933779337399102e+01
3.037509555705212705e+01
1.681837653550491751e+01
9.748586509645322806e+00
6.435262012978573587e+00
4.563815427833328719e+00
3.418175127786795997e+00
2.534161197456048509e+00
1.866409711094583201e+00
1.353236669154596949e+00
9.797646730927555003e-01
7.126598749980941339e-01
5.113652863330421239e-01
3.611612235224059275e-01
2.487969835809405728e-01
1.707037985604807073e-01
1.101801389199761616e-01
6.721932604350001894e-02
4.135859026755787232e-02
2.340846577284430227e-02
1.085755690954422724e-02
4.968658030017932513e-03
1.135508131563043362e-03
2.012200739042156912e-03
8.744180650215810716e-04
-7.065202661766683580e-04
