2.451534201905896407e+04
2.573997162001191100e+04
3.830417502977963159e+04
3.383029698630137136e+04
3.813375425186949724e+04
3.394317686155416595e+04
2.582792730579426643e+04
2.438133336678146952e+04
2.149206562447596298e+04
1.719699786556388062e+04
1.308346631736555719e+04
1.047060653469411045e+04
7.090863764419188556e+03
5.563077183388380945e+03
4.236663996984261757e+03
2.822365396559422607e+03
2.177014850717502668e+03
1.476187665417135804e+03
1.058688329868551364e+03
7.197983566784081404e+02
4.982089632353043953e+02
3.268167982229053337e+02
2.086084497418964077e+02
1.254377144980472565e+02
7.193808417120807519e+01
3.817466813380003998e+01
2.009453469481967502e+01
1.106936404931369644e+01
7.290279962630043187e+00
5.229364713260712172e+00
3.722047321212223814e+00
2.836189013987814533e+00
2.077053649544037484e+00
1.504134417775435439e+00
1.094446424622062208e+00
7.910308834953050372e-01
5.632991245567774419e-01
3.892440704049985323e-01
2.709957551811567056e-01
1.847760000982628936e-01
1.220426776897703264e-01
7.903759954149931766e-02
4.325374660166355495e-02
2.249745173578904939e-02
9.885771387708259389e-03
3.609404074021866412e-03
1.567449036924697513e-03
3.161645836464679893e-03
1.557804945663632777e-03
3.661713875807562683e-04
