2.406245790841182315e+04
3.723950628682781826e+04
2.453740444607784593e+04
1.679365812357908362e+04
2.191175199321103355e+04
2.057397963523059298e+04
1.941803499792812363e+04
1.820796240195913924e+04
1.544942771597921273e+04
1.165267780906020744e+04
8.758280454019401077e+03
6.620417146092328949e+03
4.926449147012575850e+03
3.504515264358290551e+03
2.508236910807730965e+03
1.783185052351341255e+03
1.256478648403907073e+03
8.651363094388412947e+02
6.029662365677168054e+02
4.060299825647487637e+02
2.659760534671223695e+02
1.698314547943669197e+02
1.040075995794407646e+02
5.812651954243824548e+01
3.205045830585235223e+01
1.753353642459395800e+01
1.017621262079108213e+01
6.729482218533216376e+00
4.798598110578714326e+00
3.554832040905245627e+00
2.677601198583585251e+00
1.976326806640122058e+00
1.447500780516865371e+00
1.074012319484074274e+00
7.794104411799740451e-01
5.713987030049618721e-01
4.029763541814356254e-01
2.872435701064649516e-01
1.978013950424363232e-01
1.338078892771972783e-01
8.716640666422829919e-02
5.257193378529818883e-02
3.147463148093458674e-02
1.739321471777871553e-02
8.659778004170427812e-03
3.667194505880169274e-03
1.324849634737773098e-03
2.214267226237470829e-03
6.173531890598584360e-04
-6.203202900005138883e-04
