8.575900986640519113e+04
4.299522620307746547e+04
6.480529931081297400e+04
4.456188355803407467e+04
4.528798114602948044e+04
3.852468936714200390e+04
3.444657234029780375e+04
2.448152057505100311e+04
1.968237738822482061e+04
1.387208119495807114e+04
1.010579505169122422e+04
7.052340664163505608e+03
4.877786358374336487e+03
3.273940264086085335e+03
2.130391275125044558e+03
1.430757861801516356e+03
9.434749128478528064e+02
6.229367819802772601e+02
4.033279820601190977e+02
2.532605050822302246e+02
1.581412620427073819e+02
9.541570449487437600e+01
5.665880200247869425e+01
3.280284801409618467e+01
1.907850114044978440e+01
1.135584286770547102e+01
7.491874188414291424e+00
5.435914701189037856e+00
4.118114637375055231e+00
3.123471491650549048e+00
2.355301104823894764e+00
1.763566176261269769e+00
1.312929045631364922e+00
9.705966970556317852e-01
7.122096722055087925e-01
5.174750862598690437e-01
3.692362718201153693e-01
2.602518942186006212e-01
1.815925956207429248e-01
1.217463124190889395e-01
7.801491360220350058e-02
4.898423514625683400e-02
2.991793405797063890e-02
1.703823665879788604e-02
8.945884736543755975e-03
4.123585525471988762e-03
1.641889668507154473e-03
1.331781100681572651e-03
4.221923456411597357e-04
-7.965192637695430811e-04
