1.153774776998246089e+05
5.062877767021252657e+04
6.931648166065957048e+04
5.111487084690554184e+04
5.519909566695520334e+04
4.524011019852809113e+04
3.867446664433751721e+04
2.984358538209165636e+04
2.391029302641469621e+04
1.687990829985445089e+04
1.256210795606500687e+04
8.878431108291530109e+03
6.243722881072440032e+03
4.169323612974440948e+03
2.818198233430797700e+03
1.906312006325614448e+03
1.268919161937304352e+03
8.434828411704741029e+02
5.502761360312074430e+02
3.540841212357516383e+02
2.235390251707404730e+02
1.375796820618616607e+02
8.243855419956598496e+01
4.800810747458959327e+01
2.737902852266505960e+01
1.566197539463355604e+01
9.465828549704600192e+00
6.425500493118976308e+00
4.715721096796697154e+00
3.555240147647500848e+00
2.689267856259759615e+00
2.008621712346549959e+00
1.510502549824251250e+00
1.111002480943074966e+00
8.146785455704897982e-01
5.852369874215779255e-01
4.196506793939338564e-01
2.981800190417506768e-01
2.056762144555993321e-01
1.374410277262714253e-01
9.153783087932802764e-02
5.771582802360636366e-02
3.489939357061260655e-02
1.993979290023590797e-02
1.051854864694757273e-02
3.930309392493515873e-03
1.161553785335850452e-03
1.713194358820046941e-03
7.270456847146366088e-04
-6.714819013284300002e-04
