1.170561204568614048e+05
1.033291068638392899e+05
1.415156440278047230e+05
1.379516715115489205e+05
1.170561829568614048e+05
9.999725131766761479e+04
8.274735534721042495e+04
6.604434606020270439e+04
5.247854567166454945e+04
4.048808386440119648e+04
2.843257703138770376e+04
2.080894584798153664e+04
1.453788079642793855e+04
1.017875508198946045e+04
7.092826646133255963e+03
4.883378714485458659e+03
3.274863862382218940e+03
2.215568647196971142e+03
1.490945018763816961e+03
9.762520805031804230e+02
6.371077272202106769e+02
4.006143994865193463e+02
2.521299735648475462e+02
1.516760511857903566e+02
8.897925366981259288e+01
5.063980256595412754e+01
2.762777778135459883e+01
1.482901454714576062e+01
8.669689753142048261e+00
5.878955580624394273e+00
4.264159681820718362e+00
3.197153356871131447e+00
2.396802482551805280e+00
1.814999112419673821e+00
1.296561973830258285e+00
9.482520459818266634e-01
6.871657246412743447e-01
4.778064871570346095e-01
3.280661172928766578e-01
2.205911389258292665e-01
1.416700078428360654e-01
8.649784560390552657e-02
5.477849918005050361e-02
3.039996347261772480e-02
1.746916971669060931e-02
7.144134066424587953e-03
2.018346166964373172e-03
4.606318220236140827e-03
1.935505546251850301e-03
-1.501071278231824171e-03
