1.000000000000000021e-02 1.212053598190000053e-02 0.000000000000000000e+00 -1.000000000000000000e+00 0.000000000000000000e+00 0.000000000000000000e+00
1.212053598190000053e-02 1.469073924900000071e-02 0.000000000000000000e+00 -1.000000000000000000e+00 0.000000000000000000e+00 0.000000000000000000e+00
1.469073924900000071e-02 1.780596336680000114e-02 0.000000000000000000e+00 -1.000000000000000000e+00 0.000000000000000000e+00 0.000000000000000000e+00
1.780596336680000114e-02 2.158178196810000074e-02 0.000000000000000000e+00 -1.000000000000000000e+00 0.000000000000000000e+00 0.000000000000000000e+00
2.158178196810000074e-02 2.615827648980000031e-02 0.000000000000000000e+00 -1.000000000000000000e+00 0.000000000000000000e+00 0.000000000000000000e+00
2.615827648980000031e-02 3.170523314209999777e-02 0.000000000000000000e+00 -1.000000000000000000e+00 0.000000000000000000e+00 0.000000000000000000e+00
3.170523314209999777e-02 3.842844191139999782e-02 0.000000000000000000e+00 -1.000000000000000000e+00 0.000000000000000000e+00 0.000000000000000000e+00
3.842844191139999782e-02 4.657733129169999708e-02 0.000000000000000000e+00 -1.000000000000000000e+00 0.000000000000000000e+00 0.000000000000000000e+00
4.657733129169999708e-02 5.645422198640000222e-02 0.000000000000000000e+00 -1.000000000000000000e+00 0.000000000000000000e+00 0.000000000000000000e+00
5.645422198640000222e-02 6.842554289190000416e-02 0.000000000000000000e+00 -1.000000000000000000e+00 0.000000000000000000e+00 0.000000000000000000e+00
6.842554289190000416e-02 8.293542547049999325e-02 0.000000000000000000e+00 -1.000000000000000000e+00 0.000000000000000000e+00 0.000000000000000000e+00
8.293542547049999325e-02 1.005221808589999988e-01 0.000000000000000000e+00 -1.000000000000000000e+00 0.000000000000000000e+00 0.000000000000000000e+00
1.005221808589999988e-01 1.218382710089999932e-01 0.000000000000000000e+00 -1.000000000000000000e+00 0.000000000000000000e+00 0.000000000000000000e+00
1.218382710089999932e-01 1.476745147740000097e-01 0.000000000000000000e+00 -1.000000000000000000e+00 0.000000000000000000e+00 0.000000000000000000e+00
1.476745147740000097e-01 1.789894269929999948e-01 0.000000000000000000e+00 -1.000000000000000000e+00 0.000000000000000000e+00 0.000000000000000000e+00
1.789894269929999948e-01 2.169447790260000120e-01 0.000000000000000000e+00 -1.000000000000000000e+00 0.000000000000000000e+00 0.000000000000000000e+00
2.169447790260000120e-01 2.629487000280000264e-01 0.000000000000000000e+00 -1.000000000000000000e+00 0.000000000000000000e+00 0.000000000000000000e+00
2.629487000280000264e-01 3.187079180090000019e-01 0.000000000000000000e+00 -1.000000000000000000e+00 0.000000000000000000e+00 0.000000000000000000e+00
3.187079180090000019e-01 3.862910787959999981e-01 0.000000000000000000e+00 -1.000000000000000000e+00 0.000000000000000000e+00 0.000000000000000000e+00
3.862910787959999981e-01 4.682054920050000013e-01 0.000000000000000000e+00 -1.000000000000000000e+00 0.000000000000000000e+00 0.000000000000000000e+00
4.682054920050000013e-01 5.674901512779999546e-01 0.000000000000000000e+00 -1.000000000000000000e+00 0.000000000000000000e+00 0.000000000000000000e+00
5.674901512779999546e-01 6.878284797970000142e-01 0.000000000000000000e+00 -1.000000000000000000e+00 0.000000000000000000e+00 0.000000000000000000e+00
6.878284797970000142e-01 8.336849838780000521e-01 0.000000000000000000e+00 9.601869796692661385e-01 2.000000000000000000e+00 0.000000000000000000e+00
8.336849838780000521e-01 1.010470884470000108e+00 0.000000000000000000e+00 1.000859829530329392e+01 2.000000000000000000e+01 0.000000000000000000e+00
1.010470884470000108e+00 1.224744871389999989e+00 0.000000000000000000e+00 2.063887077622140609e+01 7.000000000000000000e+01 0.000000000000000000e+00
1.224744871389999989e+00 1.484456428239999903e+00 0.000000000000000000e+00 2.886066839979893217e+01 1.720000000000000000e+02 0.000000000000000000e+00
1.484456428239999903e+00 1.799240755210000042e+00 0.000000000000000000e+00 1.655003986806200089e+01 1.800000000000000000e+02 0.000000000000000000e+00
1.799240755210000042e+00 2.180776231369999874e+00 0.000000000000000000e+00 1.148460981387577817e+01 2.280000000000000000e+02 0.000000000000000000e+00
2.180776231369999874e+00 2.643217678090000078e+00 0.000000000000000000e+00 1.062429039948925791e+01 3.780000000000000000e+02 0.000000000000000000e+00
2.643217678090000078e+00 3.203721497540000129e+00 0.000000000000000000e+00 6.495470602051372389e+00 4.340000000000000000e+02 0.000000000000000000e+00
3.203721497540000129e+00 3.883082168700000114e+00 0.000000000000000000e+00 5.246396775577489180e+00 6.440000000000000000e+02 0.000000000000000000e+00
3.883082168700000114e+00 4.706503714660000171e+00 0.000000000000000000e+00 4.131320334674840389e+00 9.420000000000000000e+02 0.000000000000000000e+00
4.706503714660000171e+00 5.704534762259999781e+00 0.000000000000000000e+00 3.001478548297747295e+00 1.308000000000000000e+03 0.000000000000000000e+00
5.704534762259999781e+00 6.914201884619999738e+00 0.000000000000000000e+00 2.150986952081797021e+00 1.834000000000000000e+03 0.000000000000000000e+00
6.914201884619999738e+00 8.380383272899999625e+00 0.000000000000000000e+00 1.555052208533008962e+00 2.648000000000000000e+03 0.000000000000000000e+00
8.380383272899999625e+00 1.015747370020000062e+01 0.000000000000000000e+00 1.179507604436268675e+00 4.022000000000000000e+03 0.000000000000000000e+00
1.015747370020000062e+01 1.231140254680000012e+01 0.000000000000000000e+00 8.320922522069489347e-01 6.020000000000000000e+03 0.000000000000000000e+00
1.231140254680000012e+01 1.492207975570000045e+01 0.000000000000000000e+00 5.635491119747764177e-01 9.148000000000000000e+03 0.000000000000000000e+00
1.492207975570000045e+01 1.808636046049999990e+01 0.000000000000000000e+00 3.847323032187797143e-01 1.442600000000000000e+04 0.000000000000000000e+00
1.808636046049999990e+01 2.192163827430000111e+01 0.000000000000000000e+00 2.433375489679476811e-01 2.306400000000000000e+04 0.000000000000000000e+00
2.192163827430000111e+01 2.657020054870000081e+01 0.000000000000000000e+00 1.640865967341444964e-01 3.845000000000000000e+04 0.000000000000000000e+00
2.657020054870000081e+01 3.220450717979999666e+01 0.000000000000000000e+00 1.097124686078267963e-01 6.526600000000000000e+04 0.000000000000000000e+00
3.220450717979999666e+01 3.903358880529999908e+01 0.000000000000000000e+00 5.881246239954229793e-02 1.108820000000000000e+05 0.000000000000000000e+00
3.903358880529999908e+01 4.731080176190000230e+01 0.000000000000000000e+00 2.870519446625241500e-02 1.918220000000000000e+05 0.000000000000000000e+00
4.731080176190000230e+01 5.734322750900000187e+01 0.000000000000000000e+00 1.876156376422288830e-02 3.382560000000000000e+05 0.000000000000000000e+00
5.734322750900000187e+01 6.950306523429999572e+01 0.000000000000000000e+00 9.287032696644326180e-03 5.966960000000000000e+05 0.000000000000000000e+00
6.950306523429999572e+01 8.424144030280000095e+01 0.000000000000000000e+00 -3.868409973423747594e-03 1.048626000000000000e+06 0.000000000000000000e+00
8.424144030280000095e+01 1.021051408360000039e+02 0.000000000000000000e+00 2.943464157136865822e-03 1.879948000000000000e+06 0.000000000000000000e+00
1.021051408360000039e+02 1.237569033439999941e+02 0.000000000000000000e+00 1.027562475197196790e-03 3.341034000000000000e+06 0.000000000000000000e+00
1.237569033439999941e+02 1.500000000000000000e+02 0.000000000000000000e+00 -2.606152755515456221e-03 5.927438000000000000e+06 0.000000000000000000e+00
