1.000000000000000021e-02 1.212053598190000053e-02 0.000000000000000000e+00 -1.000000000000000000e+00 0.000000000000000000e+00 0.000000000000000000e+00
1.212053598190000053e-02 1.469073924900000071e-02 0.000000000000000000e+00 -1.000000000000000000e+00 0.000000000000000000e+00 0.000000000000000000e+00
1.469073924900000071e-02 1.780596336680000114e-02 0.000000000000000000e+00 -1.000000000000000000e+00 0.000000000000000000e+00 0.000000000000000000e+00
1.780596336680000114e-02 2.158178196810000074e-02 0.000000000000000000e+00 -1.000000000000000000e+00 0.000000000000000000e+00 0.000000000000000000e+00
2.158178196810000074e-02 2.615827648980000031e-02 0.000000000000000000e+00 -1.000000000000000000e+00 0.000000000000000000e+00 0.000000000000000000e+00
2.615827648980000031e-02 3.170523314209999777e-02 0.000000000000000000e+00 -1.000000000000000000e+00 0.000000000000000000e+00 0.000000000000000000e+00
3.170523314209999777e-02 3.842844191139999782e-02 0.000000000000000000e+00 -1.000000000000000000e+00 0.000000000000000000e+00 0.000000000000000000e+00
3.842844191139999782e-02 4.657733129169999708e-02 0.000000000000000000e+00 -1.000000000000000000e+00 0.000000000000000000e+00 0.000000000000000000e+00
4.657733129169999708e-02 5.645422198640000222e-02 0.000000000000000000e+00 -1.000000000000000000e+00 0.000000000000000000e+00 0.000000000000000000e+00
5.645422198640000222e-02 6.842554289190000416e-02 0.000000000000000000e+00 -1.000000000000000000e+00 0.000000000000000000e+00 0.000000000000000000e+00
6.842554289190000416e-02 8.293542547049999325e-02 0.000000000000000000e+00 -1.000000000000000000e+00 0.000000000000000000e+00 0.000000000000000000e+00
8.293542547049999325e-02 1.005221808589999988e-01 0.000000000000000000e+00 -1.000000000000000000e+00 0.000000000000000000e+00 0.000000000000000000e+00
1.005221808589999988e-01 1.218382710089999932e-01 0.000000000000000000e+00 -1.000000000000000000e+00 0.000000000000000000e+00 0.000000000000000000e+00
1.218382710089999932e-01 1.476745147740000097e-01 0.000000000000000000e+00 -1.000000000000000000e+00 0.000000000000000000e+00 0.000000000000000000e+00
1.476745147740000097e-01 1.789894269929999948e-01 0.000000000000000000e+00 -1.000000000000000000e+00 0.000000000000000000e+00 0.000000000000000000e+00
1.789894269929999948e-01 2.169447790260000120e-01 0.000000000000000000e+00 -1.000000000000000000e+00 0.000000000000000000e+00 0.000000000000000000e+00
2.169447790260000120e-01 2.629487000280000264e-01 0.000000000000000000e+00 -1.000000000000000000e+00 0.000000000000000000e+00 0.000000000000000000e+00
2.629487000280000264e-01 3.187079180090000019e-01 0.000000000000000000e+00 -1.000000000000000000e+00 0.000000000000000000e+00 0.000000000000000000e+00
3.187079180090000019e-01 3.862910787959999981e-01 0.000000000000000000e+00 -1.000000000000000000e+00 0.000000000000000000e+00 0.000000000000000000e+00
3.862910787959999981e-01 4.682054920050000013e-01 0.000000000000000000e+00 -1.000000000000000000e+00 0.000000000000000000e+00 0.000000000000000000e+00
4.682054920050000013e-01 5.674901512779999546e-01 0.000000000000000000e+00 -1.000000000000000000e+00 0.000000000000000000e+00 0.000000000000000000e+00
5.674901512779999546e-01 6.878284797970000142e-01 0.000000000000000000e+00 -1.000000000000000000e+00 0.000000000000000000e+00 0.000000000000000000e+00
6.878284797970000142e-01 8.336849838780000521e-01 0.000000000000000000e+00 -1.000000000000000000e+00 0.000000000000000000e+00 0.000000000000000000e+00
8.336849838780000521e-01 1.010470884470000108e+00 0.000000000000000000e+00 -1.000000000000000000e+00 0.000000000000000000e+00 0.000000000000000000e+00
1.010470884470000108e+00 1.224744871389999989e+00 0.000000000000000000e+00 -1.000000000000000000e+00 0.000000000000000000e+00 0.000000000000000000e+00
1.224744871389999989e+00 1.484456428239999903e+00 0.000000000000000000e+00 2.558549756919352447e+01 1.600000000000000000e+01 0.000000000000000000e+00
1.484456428239999903e+00 1.799240755210000042e+00 0.000000000000000000e+00 2.699500758015293655e+01 3.000000000000000000e+01 0.000000000000000000e+00
1.799240755210000042e+00 2.180776231369999874e+00 0.000000000000000000e+00 1.996302008741752587e+01 4.000000000000000000e+01 0.000000000000000000e+00
2.180776231369999874e+00 2.643217678090000078e+00 0.000000000000000000e+00 2.313471840512180577e+01 8.200000000000000000e+01 0.000000000000000000e+00
2.643217678090000078e+00 3.203721497540000129e+00 0.000000000000000000e+00 1.519902903216880929e+01 9.800000000000000000e+01 0.000000000000000000e+00
3.203721497540000129e+00 3.883082168700000114e+00 0.000000000000000000e+00 1.125381625232049565e+01 1.320000000000000000e+02 0.000000000000000000e+00
3.883082168700000114e+00 4.706503714660000171e+00 0.000000000000000000e+00 6.820296441592646808e+00 1.500000000000000000e+02 0.000000000000000000e+00
4.706503714660000171e+00 5.704534762259999781e+00 0.000000000000000000e+00 5.910006953726499646e+00 2.360000000000000000e+02 0.000000000000000000e+00
5.704534762259999781e+00 6.914201884619999738e+00 0.000000000000000000e+00 4.294889212617718499e+00 3.220000000000000000e+02 0.000000000000000000e+00
6.914201884619999738e+00 8.380383272899999625e+00 0.000000000000000000e+00 3.285026488400069056e+00 4.640000000000000000e+02 0.000000000000000000e+00
8.380383272899999625e+00 1.015747370020000062e+01 0.000000000000000000e+00 2.267462441950056196e+00 6.300000000000000000e+02 0.000000000000000000e+00
1.015747370020000062e+01 1.231140254680000012e+01 0.000000000000000000e+00 1.574879112805270598e+00 8.840000000000000000e+02 0.000000000000000000e+00
1.231140254680000012e+01 1.492207975570000045e+01 0.000000000000000000e+00 1.054606904025558123e+00 1.256000000000000000e+03 0.000000000000000000e+00
1.492207975570000045e+01 1.808636046049999990e+01 0.000000000000000000e+00 6.683588611724686768e-01 1.816000000000000000e+03 0.000000000000000000e+00
1.808636046049999990e+01 2.192163827430000111e+01 0.000000000000000000e+00 4.900654385313902850e-01 2.888000000000000000e+03 0.000000000000000000e+00
2.192163827430000111e+01 2.657020054870000081e+01 0.000000000000000000e+00 2.824902930242880750e-01 4.426000000000000000e+03 0.000000000000000000e+00
2.657020054870000081e+01 3.220450717979999666e+01 0.000000000000000000e+00 2.016248180817394875e-01 7.384000000000000000e+03 0.000000000000000000e+00
3.220450717979999666e+01 3.903358880529999908e+01 0.000000000000000000e+00 1.378396866892834804e-01 1.245000000000000000e+04 0.000000000000000000e+00
3.903358880529999908e+01 4.731080176190000230e+01 0.000000000000000000e+00 5.415482274200678070e-02 2.053800000000000000e+04 0.000000000000000000e+00
4.731080176190000230e+01 5.734322750900000187e+01 0.000000000000000000e+00 4.009109267045940506e-02 3.608200000000000000e+04 0.000000000000000000e+00
5.734322750900000187e+01 6.950306523429999572e+01 0.000000000000000000e+00 1.565443498966390123e-02 6.273800000000000000e+04 0.000000000000000000e+00
6.950306523429999572e+01 8.424144030280000095e+01 0.000000000000000000e+00 -1.593189239652015310e-03 1.098140000000000000e+05 0.000000000000000000e+00
8.424144030280000095e+01 1.021051408360000039e+02 0.000000000000000000e+00 1.351862023863237283e-02 1.984940000000000000e+05 0.000000000000000000e+00
1.021051408360000039e+02 1.237569033439999941e+02 0.000000000000000000e+00 6.826528316043578570e-03 3.511040000000000000e+05 0.000000000000000000e+00
1.237569033439999941e+02 1.500000000000000000e+02 0.000000000000000000e+00 -3.465192091569813115e-03 6.187840000000000000e+05 0.000000000000000000e+00
