1.000000000000000021e-02 1.100933058000000062e-02 0.000000000000000000e+00 3.033847415345022091e+04 2.800000000000000000e+01 0.000000000000000000e+00
1.100933058000000062e-02 1.212053598190000053e-02 0.000000000000000000e+00 2.598367315773339578e+04 3.200000000000000000e+01 0.000000000000000000e+00
1.212053598190000053e-02 1.334389874319999968e-02 0.000000000000000000e+00 2.555741000632252690e+04 4.200000000000000000e+01 0.000000000000000000e+00
1.334389874319999968e-02 1.469073924900000071e-02 0.000000000000000000e+00 2.644925103359578134e+04 5.800000000000000000e+01 0.000000000000000000e+00
1.469073924900000071e-02 1.617352048560000144e-02 0.000000000000000000e+00 3.144076332199210810e+04 9.200000000000000000e+01 0.000000000000000000e+00
1.617352048560000144e-02 1.780596336680000114e-02 0.000000000000000000e+00 3.329405076526803896e+04 1.300000000000000000e+02 0.000000000000000000e+00
1.780596336680000114e-02 1.960317370000000045e-02 0.000000000000000000e+00 3.147629754842855982e+04 1.640000000000000000e+02 0.000000000000000000e+00
1.960317370000000045e-02 2.158178196810000074e-02 0.000000000000000000e+00 2.761571907724580160e+04 1.920000000000000000e+02 0.000000000000000000e+00
2.158178196810000074e-02 2.376009721919999929e-02 0.000000000000000000e+00 2.349774180215114393e+04 2.180000000000000000e+02 0.000000000000000000e+00
2.376009721919999929e-02 2.615827648980000031e-02 0.000000000000000000e+00 2.988770524015076080e+04 3.700000000000000000e+02 0.000000000000000000e+00
2.615827648980000031e-02 2.879851132790000115e-02 0.000000000000000000e+00 2.312422692675631697e+04 3.820000000000000000e+02 0.000000000000000000e+00
2.879851132790000115e-02 3.170523314209999777e-02 0.000000000000000000e+00 2.476937293030894216e+04 5.460000000000000000e+02 0.000000000000000000e+00
3.170523314209999777e-02 3.490533927759999905e-02 0.000000000000000000e+00 2.311784202638302668e+04 6.800000000000000000e+02 0.000000000000000000e+00
3.490533927759999905e-02 3.842844191139999782e-02 0.000000000000000000e+00 2.338829374034415741e+04 9.180000000000000000e+02 0.000000000000000000e+00
3.842844191139999782e-02 4.230714206769999736e-02 0.000000000000000000e+00 2.226233593832576662e+04 1.166000000000000000e+03 0.000000000000000000e+00
4.230714206769999736e-02 4.657733129169999708e-02 0.000000000000000000e+00 1.854344981078321871e+04 1.296000000000000000e+03 0.000000000000000000e+00
4.657733129169999708e-02 5.127852377239999759e-02 0.000000000000000000e+00 1.775669310376595604e+04 1.656000000000000000e+03 0.000000000000000000e+00
5.127852377239999759e-02 5.645422198640000222e-02 0.000000000000000000e+00 1.690688212002447108e+04 2.104000000000000000e+03 0.000000000000000000e+00
5.645422198640000222e-02 6.215231924839999950e-02 0.000000000000000000e+00 1.447655426342778264e+04 2.404000000000000000e+03 0.000000000000000000e+00
6.215231924839999950e-02 6.842554289190000416e-02 0.000000000000000000e+00 1.368281510042974696e+04 3.032000000000000000e+03 0.000000000000000000e+00
6.842554289190000416e-02 7.533194218109999507e-02 0.000000000000000000e+00 1.179600432891828314e+04 3.488000000000000000e+03 0.000000000000000000e+00
7.533194218109999507e-02 8.293542547049999325e-02 0.000000000000000000e+00 1.121215028972567598e+04 4.424000000000000000e+03 0.000000000000000000e+00
8.293542547049999325e-02 9.130635157960000081e-02 0.000000000000000000e+00 1.008512411454271569e+04 5.310000000000000000e+03 0.000000000000000000e+00
9.130635157960000081e-02 1.005221808589999988e-01 0.000000000000000000e+00 9.092099779661653884e+03 6.388000000000000000e+03 0.000000000000000000e+00
1.005221808589999988e-01 1.106681919699999961e-01 0.000000000000000000e+00 8.345283899753703736e+03 7.824000000000000000e+03 0.000000000000000000e+00
1.106681919699999961e-01 1.218382710089999932e-01 0.000000000000000000e+00 7.671949135471433692e+03 9.598000000000000000e+03 0.000000000000000000e+00
1.218382710089999932e-01 1.341357802829999946e-01 0.000000000000000000e+00 6.959336047844120003e+03 1.161800000000000000e+04 0.000000000000000000e+00
1.341357802829999946e-01 1.476745147740000097e-01 0.000000000000000000e+00 6.369866337614814256e+03 1.419000000000000000e+04 0.000000000000000000e+00
1.476745147740000097e-01 1.625797551379999928e-01 0.000000000000000000e+00 5.738333619732349689e+03 1.705800000000000000e+04 0.000000000000000000e+00
1.625797551379999928e-01 1.789894269929999948e-01 0.000000000000000000e+00 5.152342618708785267e+03 2.043800000000000000e+04 0.000000000000000000e+00
1.789894269929999948e-01 1.970553772089999878e-01 0.000000000000000000e+00 4.493959826741607685e+03 2.378800000000000000e+04 0.000000000000000000e+00
1.970553772089999878e-01 2.169447790260000120e-01 0.000000000000000000e+00 3.998835234745843536e+03 2.824600000000000000e+04 0.000000000000000000e+00
2.169447790260000120e-01 2.388416789900000003e-01 0.000000000000000000e+00 3.386390708445002929e+03 3.192000000000000000e+04 0.000000000000000000e+00
2.388416789900000003e-01 2.629487000280000264e-01 0.000000000000000000e+00 2.808880777181391750e+03 3.533200000000000000e+04 0.000000000000000000e+00
2.629487000280000264e-01 2.894889164180000085e-01 0.000000000000000000e+00 2.277935861711278449e+03 3.823800000000000000e+04 0.000000000000000000e+00
2.894889164180000085e-01 3.187079180090000019e-01 0.000000000000000000e+00 1.798051757233352873e+03 4.028000000000000000e+04 0.000000000000000000e+00
3.187079180090000019e-01 3.508760827819999983e-01 0.000000000000000000e+00 1.378549536136860070e+03 4.121600000000000000e+04 0.000000000000000000e+00
3.508760827819999983e-01 3.862910787959999981e-01 0.000000000000000000e+00 1.049799397872264990e+03 4.189200000000000000e+04 0.000000000000000000e+00
3.862910787959999981e-01 4.252806186559999757e-01 0.000000000000000000e+00 7.830167613737582997e+02 4.170800000000000000e+04 0.000000000000000000e+00
4.252806186559999757e-01 4.682054920050000013e-01 0.000000000000000000e+00 5.851946286764532488e+02 4.161200000000000000e+04 0.000000000000000000e+00
4.682054920050000013e-01 5.154629040839999732e-01 0.000000000000000000e+00 4.287754556844317335e+02 4.071000000000000000e+04 0.000000000000000000e+00
5.154629040839999732e-01 5.674901512779999546e-01 0.000000000000000000e+00 3.128326137698877574e+02 3.966800000000000000e+04 0.000000000000000000e+00
5.674901512779999546e-01 6.247686676310000298e-01 0.000000000000000000e+00 2.266465193927377015e+02 3.839600000000000000e+04 0.000000000000000000e+00
6.247686676310000298e-01 6.878284797970000142e-01 0.000000000000000000e+00 1.687110726612130804e+02 3.819600000000000000e+04 0.000000000000000000e+00
6.878284797970000142e-01 7.572531116409999541e-01 0.000000000000000000e+00 1.222268002040857056e+02 3.700800000000000000e+04 0.000000000000000000e+00
7.572531116409999541e-01 8.336849838780000521e-01 0.000000000000000000e+00 9.140681167867509771e+01 3.703200000000000000e+04 0.000000000000000000e+00
8.336849838780000521e-01 9.178313587080000335e-01 0.000000000000000000e+00 6.817169402879129336e+01 3.699000000000000000e+04 0.000000000000000000e+00
9.178313587080000335e-01 1.010470884470000108e+00 0.000000000000000000e+00 5.070596266854456502e+01 3.689600000000000000e+04 0.000000000000000000e+00
1.010470884470000108e+00 1.112460800860000099e+00 0.000000000000000000e+00 3.906363760989473377e+01 3.814800000000000000e+04 0.000000000000000000e+00
1.112460800860000099e+00 1.224744871389999989e+00 0.000000000000000000e+00 3.010847584656227482e+01 3.952600000000000000e+04 0.000000000000000000e+00
1.224744871389999989e+00 1.348362116529999932e+00 0.000000000000000000e+00 2.422505203406121410e+01 4.276800000000000000e+04 0.000000000000000000e+00
1.348362116529999932e+00 1.484456428239999903e+00 0.000000000000000000e+00 1.946851880200441443e+01 4.630800000000000000e+04 0.000000000000000000e+00
1.484456428239999903e+00 1.634287155009999992e+00 0.000000000000000000e+00 1.621606112373576281e+01 5.197400000000000000e+04 0.000000000000000000e+00
1.634287155009999992e+00 1.799240755210000042e+00 0.000000000000000000e+00 1.343989315771912985e+01 5.817000000000000000e+04 0.000000000000000000e+00
1.799240755210000042e+00 1.980843626710000027e+00 0.000000000000000000e+00 1.146398681688392962e+01 6.700000000000000000e+04 0.000000000000000000e+00
1.980843626710000027e+00 2.180776231369999874e+00 0.000000000000000000e+00 9.615369799830931541e+00 7.614400000000000000e+04 0.000000000000000000e+00
2.180776231369999874e+00 2.400888645209999783e+00 0.000000000000000000e+00 8.371082878393734106e+00 8.969600000000000000e+04 0.000000000000000000e+00
2.400888645209999783e+00 2.643217678090000078e+00 0.000000000000000000e+00 7.200460511135506891e+00 1.047380000000000000e+05 0.000000000000000000e+00
2.643217678090000078e+00 2.910005721290000125e+00 0.000000000000000000e+00 6.237999466476148669e+00 1.233580000000000000e+05 0.000000000000000000e+00
2.910005721290000125e+00 3.203721497540000129e+00 0.000000000000000000e+00 5.446180465201798881e+00 1.466000000000000000e+05 0.000000000000000000e+00
3.203721497540000129e+00 3.527082905259999901e+00 0.000000000000000000e+00 4.680515434194219004e+00 1.723860000000000000e+05 0.000000000000000000e+00
3.527082905259999901e+00 3.883082168700000114e+00 0.000000000000000000e+00 4.020325169062939352e+00 2.032960000000000000e+05 0.000000000000000000e+00
3.883082168700000114e+00 4.275013526450000434e+00 0.000000000000000000e+00 3.445479288236681370e+00 2.402140000000000000e+05 0.000000000000000000e+00
4.275013526450000434e+00 4.706503714660000171e+00 0.000000000000000000e+00 2.978807691646405242e+00 2.868900000000000000e+05 0.000000000000000000e+00
4.706503714660000171e+00 5.181545527059999934e+00 0.000000000000000000e+00 2.546391959556724593e+00 3.412180000000000000e+05 0.000000000000000000e+00
5.181545527059999934e+00 5.704534762259999781e+00 0.000000000000000000e+00 2.178059540434607033e+00 4.080280000000000000e+05 0.000000000000000000e+00
5.704534762259999781e+00 6.280310900279999942e+00 0.000000000000000000e+00 1.860045856587411173e+00 4.899860000000000000e+05 0.000000000000000000e+00
6.280310900279999942e+00 6.914201884619999738e+00 0.000000000000000000e+00 1.571105598612999366e+00 5.877780000000000000e+05 0.000000000000000000e+00
6.914201884619999738e+00 7.612073424460000126e+00 0.000000000000000000e+00 1.351285173011532059e+00 7.172680000000000000e+05 0.000000000000000000e+00
7.612073424460000126e+00 8.380383272899999625e+00 0.000000000000000000e+00 1.150280235914144633e+00 8.752940000000000000e+05 0.000000000000000000e+00
8.380383272899999625e+00 9.226240983829999465e+00 0.000000000000000000e+00 9.682301991385344753e-01 1.069098000000000000e+06 0.000000000000000000e+00
9.226240983829999465e+00 1.015747370020000062e+01 0.000000000000000000e+00 8.210060991634331451e-01 1.319884000000000000e+06 0.000000000000000000e+00
1.015747370020000062e+01 1.118269858230000047e+01 0.000000000000000000e+00 6.926474651876131094e-01 1.637094000000000000e+06 0.000000000000000000e+00
1.118269858230000047e+01 1.231140254680000012e+01 0.000000000000000000e+00 5.786212185457551005e-01 2.037360000000000000e+06 0.000000000000000000e+00
1.231140254680000012e+01 1.355403005410000006e+01 0.000000000000000000e+00 4.829513018216751163e-01 2.553874000000000000e+06 0.000000000000000000e+00
1.355403005410000006e+01 1.492207975570000045e+01 0.000000000000000000e+00 4.071255910812676682e-01 3.233614000000000000e+06 0.000000000000000000e+00
1.492207975570000045e+01 1.642821089719999961e+01 0.000000000000000000e+00 3.348039574060337475e-01 4.093130000000000000e+06 0.000000000000000000e+00
1.642821089719999961e+01 1.808636046049999990e+01 0.000000000000000000e+00 2.773095140580148499e-01 5.226572000000000000e+06 0.000000000000000000e+00
1.808636046049999990e+01 1.991187212979999899e+01 0.000000000000000000e+00 2.305358230759941840e-01 6.718894000000000000e+06 0.000000000000000000e+00
1.991187212979999899e+01 2.192163827430000111e+01 0.000000000000000000e+00 1.864177518011063128e-01 8.644182000000000000e+06 0.000000000000000000e+00
2.192163827430000111e+01 2.413425626169999916e+01 0.000000000000000000e+00 1.500778996628386874e-01 1.118140200000000000e+07 0.000000000000000000e+00
2.413425626169999916e+01 2.657020054870000081e+01 0.000000000000000000e+00 1.214778892449628334e-01 1.454931200000000000e+07 0.000000000000000000e+00
2.657020054870000081e+01 2.925201214169999986e+01 0.000000000000000000e+00 9.497846145130606210e-02 1.895571000000000000e+07 0.000000000000000000e+00
2.925201214169999986e+01 3.220450717979999666e+01 0.000000000000000000e+00 7.591732833135855785e-02 2.485399000000000000e+07 0.000000000000000000e+00
3.220450717979999666e+01 3.545500657080000195e+01 0.000000000000000000e+00 5.886868663843292104e-02 3.263939200000000000e+07 0.000000000000000000e+00
3.545500657080000195e+01 3.903358880529999908e+01 0.000000000000000000e+00 4.404912605203037401e-02 4.294411200000000000e+07 0.000000000000000000e+00
3.903358880529999908e+01 4.297336828809999787e+01 0.000000000000000000e+00 3.255335985987528602e-02 5.667322600000000000e+07 0.000000000000000000e+00
4.297336828809999787e+01 4.731080176190000230e+01 0.000000000000000000e+00 2.427535395574209609e-02 7.501789800000000000e+07 0.000000000000000000e+00
4.731080176190000230e+01 5.208602566009999890e+01 0.000000000000000000e+00 1.716694636400983853e-02 9.940841400000000000e+07 0.000000000000000000e+00
5.208602566009999890e+01 5.734322750900000187e+01 0.000000000000000000e+00 1.210159184098458240e-02 1.319890040000000000e+08 0.000000000000000000e+00
5.734322750900000187e+01 6.313105481699999899e+01 0.000000000000000000e+00 7.913170230746224831e-03 1.753959260000000000e+08 0.000000000000000000e+00
6.313105481699999899e+01 6.950306523429999572e+01 0.000000000000000000e+00 4.750650568180692090e-03 2.333121820000000000e+08 0.000000000000000000e+00
6.950306523429999572e+01 7.651822214870000494e+01 0.000000000000000000e+00 1.930788107815439858e-03 3.104556580000000000e+08 0.000000000000000000e+00
7.651822214870000494e+01 8.424144030280000095e+01 0.000000000000000000e+00 1.188204505683909673e-03 4.139618500000000000e+08 0.000000000000000000e+00
8.424144030280000095e+01 9.274418648280000355e+01 0.000000000000000000e+00 2.229989498164552941e-03 5.529612860000000000e+08 0.000000000000000000e+00
9.274418648280000355e+01 1.021051408360000039e+02 0.000000000000000000e+00 3.162636254253170520e-03 7.385525780000000000e+08 0.000000000000000000e+00
1.021051408360000039e+02 1.124109249379999937e+02 0.000000000000000000e+00 2.532443462756495123e-03 9.848979740000000000e+08 0.000000000000000000e+00
1.124109249379999937e+02 1.237569033439999941e+02 0.000000000000000000e+00 3.126527873726914208e-04 1.311327920000000000e+09 0.000000000000000000e+00
1.237569033439999941e+02 1.362480660470000089e+02 0.000000000000000000e+00 -6.567349100852215571e-04 1.748126972000000000e+09 0.000000000000000000e+00
1.362480660470000089e+02 1.500000000000000000e+02 0.000000000000000000e+00 -1.129836196279043747e-03 2.331578610000000000e+09 0.000000000000000000e+00
