2.914572965401270994e+04
4.990367471014278271e+04
2.732925648673638352e+04
1.259652403154459316e+05
6.448137130085464742e+04
3.744655875678777375e+04
3.115595031487572123e+04
3.347960804899317736e+04
4.958285545114340493e+04
3.389281879401590413e+04
5.074672112199189723e+04
3.461792077216241887e+04
2.743178425564158169e+04
2.778734165600647248e+04
2.663828720075991077e+04
1.893619553366164473e+04
1.673480653766336764e+04
1.361261455615510567e+04
1.194220144211787556e+04
1.054405820433850749e+04
8.515026702915789429e+03
6.772652437317620752e+03
5.800845063386503170e+03
4.893829115852242467e+03
4.026298842505178072e+03
3.220395765952062902e+03
2.736781140887678248e+03
2.273523492990363593e+03
1.890518344104362541e+03
1.586931320940671867e+03
1.305230606999630254e+03
1.105051887946377974e+03
9.096684954400849392e+02
7.553117791020633831e+02
6.295604326436628071e+02
5.220401645878680483e+02
4.330296156443319546e+02
3.568335115076288844e+02
2.951591814468729353e+02
2.400674664603338329e+02
1.966268008854841867e+02
1.600923485439065530e+02
1.296683804779953277e+02
1.044980397755700778e+02
8.397949451851191327e+01
6.693030399330450564e+01
5.348681065732328221e+01
4.235671121792896088e+01
3.358211452592104962e+01
2.645752249662286459e+01
2.091681959766393462e+01
1.645470253956564832e+01
1.301865318059035737e+01
1.039193568383794108e+01
8.333929640610113765e+00
6.747141241859389460e+00
5.516513716600647044e+00
4.579962103834836817e+00
3.829185848416822857e+00
3.246942773050142783e+00
2.765397848262270752e+00
2.368616056788231727e+00
2.033212745880534467e+00
1.745356967766916068e+00
1.502003974426515898e+00
1.292218867400675819e+00
1.113246758182368845e+00
9.580894723965174276e-01
8.183965259767428391e-01
7.008877113844149687e-01
5.956531772451026940e-01
5.070666169345618979e-01
4.306648457338773106e-01
3.634341322372971472e-01
3.074947621882587745e-01
2.580095137107127901e-01
2.146906011956952187e-01
1.782350463622686121e-01
1.464487078063695935e-01
1.195978220641455425e-01
9.644822906151286068e-02
7.709042146318419164e-02
6.118778421136432388e-02
4.835499627195385258e-02
3.745166178324528528e-02
2.919372299298210460e-02
2.207254629091807280e-02
1.622116378543455098e-02
1.174199116113026735e-02
8.035120699141829262e-03
5.558433771249111227e-03
3.438520730204945152e-03
1.614540784505737962e-03
1.156808201222866983e-03
1.445638301546037447e-03
2.028957565993028123e-03
1.524940210988209562e-03
2.093463489173570408e-04
-4.321642050762953733e-04
-7.376067724675225900e-04
