2.908463723492871941e+04
2.607985939171008067e+04
3.354807567641838250e+04
3.363918684404877422e+04
1.458968670127955556e+04
2.481028880002289952e+04
3.644183045081439195e+04
2.771989269373895877e+04
2.013064567869597522e+04
1.960132286712085624e+04
2.483397137619510613e+04
1.674183655855803954e+04
1.738845530090588363e+04
1.594766424012523385e+04
1.419738940280180395e+04
1.195075801449283426e+04
1.205124078429761539e+04
9.288838502873639300e+03
8.124928484132577978e+03
8.299412714601103289e+03
6.078568355321001945e+03
5.065191819552890593e+03
4.597722876726891627e+03
3.773843405851402167e+03
3.133541947689690005e+03
2.566184415587913008e+03
2.214655737633016543e+03
1.776456908484366750e+03
1.521719017591677130e+03
1.292515334788784457e+03
1.080549366084823987e+03
8.804374160729051937e+02
7.415895433636262624e+02
6.095303354346990545e+02
5.145161663849858087e+02
4.254812393700386224e+02
3.509357472477312285e+02
2.899028509763756460e+02
2.354366303609825763e+02
1.925890623521591749e+02
1.551711739197849909e+02
1.243675797190838210e+02
9.924034340414392830e+01
7.851774260166786235e+01
6.153128522809281975e+01
4.818637760237076861e+01
3.749903700544223284e+01
2.911537596693215235e+01
2.258956907161690708e+01
1.760320991603223817e+01
1.378220989333187596e+01
1.089418878743620134e+01
8.757272634598276539e+00
7.114394643226842341e+00
5.842995118190164483e+00
4.865761985553575641e+00
4.119296868867298400e+00
3.507041719386301271e+00
2.997723660430556158e+00
2.586382428209518469e+00
2.232183287386228177e+00
1.921329760762348515e+00
1.662440177678837783e+00
1.437938554266027458e+00
1.237330017471704346e+00
1.065448285579208898e+00
9.162888071037851301e-01
7.842242302090640660e-01
6.716434129470475467e-01
5.746598856641593756e-01
4.906265370140053261e-01
4.165642895734057993e-01
3.516498508777040066e-01
2.960545030116338849e-01
2.486696200899746190e-01
2.090869242061603461e-01
1.733359323345216030e-01
1.436987264061062308e-01
1.182534361034981857e-01
9.630631191690135207e-02
7.773622922969111726e-02
6.216587933758944279e-02
4.921902246693245914e-02
3.873785433157643510e-02
2.993558900290391525e-02
2.286804592960718641e-02
1.706522067930360195e-02
1.262488318793835058e-02
8.948199629145330014e-03
6.160886808775003533e-03
4.158121579799462647e-03
2.479293857149412247e-03
1.107154428913686203e-03
6.939153656471293546e-04
1.044890925782612171e-03
1.602300382140894311e-03
1.267529647150967024e-03
1.254841486333189570e-04
-3.519804298761623372e-04
-5.508853211132687692e-04
