1.999915156008301346e+04
1.023633227504920360e+05
4.473943302031994244e+04
5.798180519433465088e+04
2.545906107126650386e+04
2.862155661753267486e+04
2.678830384750014127e+04
3.731471223807607748e+04
3.805057528378210554e+04
2.057623179638426154e+04
2.431543349977320759e+04
2.841258328992351016e+04
2.161082589212504899e+04
1.583161056193938748e+04
1.862844110799597183e+04
1.737082673633079321e+04
1.400691945018706610e+04
1.254381784085294748e+04
1.013239524851938222e+04
8.647471335704407466e+03
7.369562936070604337e+03
6.121908562528579751e+03
5.100384993481367019e+03
3.960496502255029100e+03
3.633928989441730664e+03
3.009019806335941212e+03
2.392957630604829319e+03
2.016233767156584236e+03
1.671345383339892578e+03
1.424011592105413911e+03
1.185484539286222571e+03
9.755228806054988127e+02
8.079054822449078301e+02
6.765196215023827335e+02
5.671160423601271532e+02
4.672754843809962040e+02
3.877664942747197756e+02
3.194222076718296535e+02
2.627324015590769477e+02
2.149039402224908031e+02
1.731767346396445646e+02
1.404209765562417829e+02
1.136691977054922660e+02
9.043691795304245318e+01
7.239501369947105047e+01
5.708962234297029426e+01
4.490098617911745293e+01
3.526351142653526693e+01
2.761286607574008301e+01
2.155930792003316299e+01
1.686786431936214470e+01
1.330216135415573397e+01
1.058032003831972823e+01
8.494750567354236281e+00
6.896518590829085582e+00
5.686380889089509338e+00
4.714928189323318364e+00
3.956925108467632679e+00
3.354804692501294205e+00
2.871886477979311625e+00
2.469656549204815033e+00
2.117346867896211737e+00
1.823090209974703058e+00
1.571098463547227597e+00
1.355825004207963369e+00
1.167228716224468110e+00
1.005858028862918419e+00
8.640484574845417320e-01
7.406955208777940003e-01
6.342571636377640765e-01
5.395089670554191752e-01
4.565230152092193960e-01
3.864776492406550301e-01
3.266372527572719009e-01
2.759294385724307963e-01
2.309708339292163848e-01
1.927181679989524998e-01
1.587746036894593926e-01
1.307607424454526879e-01
1.064147452656430681e-01
8.612766441030747511e-02
6.893776759601860649e-02
5.444187408203395029e-02
4.307731596402256807e-02
3.343010786274690227e-02
2.574750408763288104e-02
1.912041233382676120e-02
1.410425701668811295e-02
1.016482285420335953e-02
7.083782331858552196e-03
4.686418774441192085e-03
2.871012367609442062e-03
1.311150138265308133e-03
9.308545137395896627e-04
1.304813897087650412e-03
1.850235334851800572e-03
1.425551728494692683e-03
1.962292606345548670e-04
-3.876139424835371543e-04
-6.000558009353313500e-04
